  0.000000000000E+00
  0.409500000000E+04
  0.000000000000E+00
  0.000000000000E+00
  0.000000000000E+00
  0.000000000000E+00
 -0.103276693864E-07
  0.148031030442E+30
 -0.441227593908E+15
 -0.706714938306E-11
 -0.698065292090E-02
 -0.209645291951E-14
 -0.407550320939E+23
  0.115078004736E+13
  0.571989402771E+02
 -0.208385259612E-03
 -0.625959960938E+04
  0.121901350876E+38
  0.884566630503E+24
 -0.101638641080E-11
  0.118354961117E-23
 -0.119644389453E-27
 -0.939672833955E+28
 -0.151688202246E-24
  0.221292657443E-05
  0.589508355964E+22
 -0.473218800000E+08
 -0.660361000000E+06
  0.121427737995E-13
 -0.310058734323E-29
  0.123680810908E-36
  0.228375825195E-10
  0.249695989742E-29
 -0.129138456726E+17
  0.209520371597E+38
 -0.111640557717E-22
 -0.463692378267E-31
 -0.198776532301E+30
 -0.519033357960E-10
 -0.226422958493E+38
  0.189580443648E+13
  0.270803832441E+32
 -0.611935710907E+01
 -0.866901405080E+23
  0.787464246470E+22
  0.447651237687E+31
  0.174579565585E+35
  0.382820233575E-13
  0.440852473206E-18
  0.956377675720E-06
 -0.253165366262E+38
  0.137428687885E-01
  0.135715447769E-07
 -0.116560670761E+37
  0.386725364181E+27
  0.855527385046E-10
 -0.445904061061E+36
 -0.110981840896E+12
 -0.233059713912E+19
  0.633681350000E+07
 -0.243274807872E-04
 -0.179647001943E-33
 -0.914756242604E-23
  0.272898124548E+22
 -0.111745679379E+01
 -0.146144146257E-30
  0.155797708257E+30
  0.211159767787E-04
  0.276015119315E+28
 -0.146518979379E+13
 -0.172642357647E-01
  0.379244897886E-05
  0.601659000399E-10
  0.919171072000E+09
  0.135030801139E+34
 -0.482343399585E-23
 -0.570681095123E+00
  0.167239368977E+39
  0.457435113903E+18
  0.754755924426E-09
  0.629142326525E-31
  0.388011871338E+03
  0.276957013022E+38
 -0.133360705334E-16
  0.194754816712E-31
 -0.210251656181E+29
 -0.238793087192E-03
  0.280206906250E+06
  0.508474918621E-35
 -0.575416561333E-05
  0.539068174313E-36
  0.169021518559E-05
 -0.147021079063E+01
  0.735543170097E+31
 -0.187310589555E-15
  0.208737295668E-18
  0.114671949237E+16
  0.129999342789E+33
  0.329444698044E-14
 -0.380324477726E+26
  0.330647572505E-24
 -0.124656723827E+39
  0.360426054244E-21
  0.311143222298E-09
 -0.736423371765E-30
  0.181161107623E-27
  0.227059147834E-27
  0.143637138246E+33
 -0.111046257019E+02
  0.983166409059E+20
  0.129121613857E-27
 -0.152912017444E+36
 -0.641387659264E+12
  0.372560864000E+09
  0.119056304701E+14
 -0.213536972121E-13
 -0.265971841648E+22
  0.116145660286E-03
  0.178645756141E-23
 -0.105400681496E+01
  0.304583693378E-06
 -0.258657519531E+05
  0.616675834845E-26
 -0.217478704000E+09
  0.783085580578E-25
  0.110732959934E-24
 -0.190746462238E-14
 -0.330108902072E-17
 -0.540588523520E+11
  0.266365213044E+19
 -0.237093670401E-25
  0.386613872060E+26
 -0.297037275138E+34
 -0.303454255203E-24
  0.435270000353E+27
 -0.238995837697E-34
  0.781106392785E+28
  0.132526280000E+09
  0.176995513139E+13
 -0.118061094509E+16
 -0.196059929591E+29
  0.133249946767E-24
 -0.102522081823E-19
 -0.287793750763E+02
 -0.211328600000E+07
  0.142441083001E+24
 -0.432601464844E+04
  0.656498491392E+12
  0.471726875305E+02
  0.312905687040E+11
 -0.338545224507E+21
 -0.251487922668E+02
  0.524147609665E-21
 -0.228879116757E+33
 -0.182461897329E+33
  0.211596801557E-24
  0.441657946533E+36
  0.751445922740E-24
 -0.124255752684E+14
 -0.161738515376E-12
  0.160781750000E+06
 -0.186083422355E+24
 -0.120091375819E+30
  0.486628613281E+04
 -0.124645009637E+00
 -0.138553640162E+38
 -0.391892405613E-20
 -0.445110032606E-23
 -0.228479984000E+09
 -0.745631744000E+09
  0.528548728493E-14
 -0.301817188516E-15
  0.881696175290E+19
 -0.100545412620E+34
 -0.277729215473E+19
 -0.236189117872E+34
 -0.105943240292E-10
 -0.556274169922E+03
  0.261211892204E+21
  0.203141961289E+19
 -0.122365998083E+31
  0.701843050000E+07
  0.243355010667E+25
  0.877424907128E-18
 -0.134004108800E+10
  0.224134623213E-27
 -0.257813184115E+19
 -0.360726486097E-32
  0.195207720456E+19
  0.158501476788E-25
 -0.149383591226E+37
  0.336334766594E-24
  0.281310124680E+30
 -0.989282533479E+28
  0.248118095398E+02
  0.732899520000E+08
 -0.299385621776E-30
  0.140662362684E+22
  0.226765966573E-14
  0.198498327109E-06
 -0.242893854947E-27
  0.209712578560E+13
  0.434269159846E-15
 -0.324349013435E-31
  0.170590058594E+05
  0.166156704027E-14
 -0.211356925964E+02
 -0.592022144662E-37
  0.784170879342E-05
 -0.674653804326E-23
  0.101708818512E-31
 -0.503325491200E+11
 -0.800985466673E-35
  0.175952943262E-30
 -0.744180871255E-25
  0.454686960825E-12
  0.117488083796E+15
 -0.955494635862E+27
 -0.740947120715E-31
 -0.481075911988E-32
  0.462058354167E-23
  0.107498887447E+15
 -0.410973139632E+15
 -0.840448493896E+31
 -0.150598919549E-28
 -0.729275942934E-30
  0.618821705989E-27
 -0.220104831713E-12
  0.631114382944E+18
 -0.316772354216E+31
 -0.838141103994E+36
  0.637189383143E-21
 -0.545584578560E+14
  0.175258600712E+01
 -0.228604115320E-21
  0.660041074956E-26
  0.110252685204E-06
 -0.255233593750E+05
  0.298495528060E+25
 -0.793102085590E-01
 -0.218098000318E+31
 -0.533304852373E-13
  0.131632896228E-05
  0.902764207938E-16
  0.128706385159E-20
  0.637970731798E-09
 -0.290088021963E-12
 -0.196661451013E-09
 -0.366966422527E-10
 -0.409695525274E+13
  0.123931398348E+32
  0.383232898540E-11
  0.223052017391E-01
 -0.567654643851E-23
 -0.115705009703E-23
  0.124030959114E-10
  0.733754153232E-32
 -0.132439187456E+12
 -0.110351196702E-34
 -0.688232406974E-01
  0.673204031652E+19
 -0.141166464891E-02
 -0.616285732864E+12
 -0.200702864430E-13
  0.495048537850E-01
 -0.291830443509E+17
  0.767070388353E-34
  0.702164735440E-27
 -0.358729158212E-28
 -0.284640565515E-01
 -0.546733813778E-08
 -0.194520380868E-27
  0.112068293674E-03
  0.141238027280E+19
  0.172180390400E+10
  0.878652266692E-03
 -0.172964385480E+26
 -0.861115322567E+31
  0.545823625697E-35
  0.814644226921E-05
  0.107705823127E+31
  0.606745964462E+20
  0.474592819810E-01
  0.118344650000E+08
 -0.253482205971E+29
  0.261458696501E+39
 -0.426953152000E+09
  0.140647933133E+20
  0.251431213501E-27
 -0.114567659795E+00
 -0.803373632717E+18
 -0.398675799370E-01
  0.202991533279E+01
 -0.339498374267E+14
 -0.137358527633E-22
  0.934618071040E+12
  0.609061094034E+23
  0.193225170837E+26
  0.679800551663E+18
 -0.150173006596E+26
  0.395175490715E-21
 -0.764783325195E+03
  0.292084004290E+28
  0.222272786114E-11
 -0.798998433522E-34
  0.295933241526E+33
  0.168828957248E-02
 -0.131669187558E+29
 -0.102344352911E+16
  0.160664013004E-26
 -0.260110700000E+08
 -0.261621266873E-05
 -0.899338312500E+06
 -0.349614178304E+12
 -0.640165798975E+26
 -0.762969859223E-22
  0.832028287989E-16
  0.542151699356E-18
  0.713134659888E-32
 -0.458893337054E-03
 -0.151638700000E+08
 -0.106423168000E+09
 -0.218139628750E+37
 -0.539203904243E+38
  0.575692378633E+35
 -0.404235972886E+27
 -0.421822740464E-03
 -0.125664662371E-33
 -0.199091960230E-14
                 NaN
  0.309670974603E-36
  0.625082586967E-37
 -0.571037922099E+14
  0.409895970990E-28
 -0.553516931832E-01
 -0.626637811939E-14
  0.100896476940E+35
  0.235724035405E+33
  0.269816108048E-01
  0.444081771842E-16
  0.122202859346E-21
 -0.472026850913E+21
 -0.592049417927E-23
  0.753784765951E-36
 -0.666921539466E-31
 -0.364684625000E+06
 -0.217166345488E+17
 -0.624602943927E+35
  0.149927461147E+01
 -0.669546124715E-25
 -0.176826083069E-28
  0.321137228015E+16
 -0.210275428388E-37
 -0.522250754704E+22
  0.398976721116E-22
 -0.573330410315E+32
  0.455531850000E+07
  0.126098234692E+27
  0.125295493120E+12
 -0.249856875000E+05
 -0.726516589111E-06
  0.121143559138E+27
 -0.107297497809E-23
 -0.775858714405E-37
  0.123605067699E-32
 -0.581650878906E+04
 -0.108604613221E+18
  0.253841990291E-28
 -0.307183551433E+18
 -0.553189308434E+26
  0.120702943529E+29
  0.211624253142E-13
 -0.219186402744E-23
 -0.137191083879E+34
 -0.371989995520E+11
 -0.197246238227E+28
 -0.157750644684E+02
 -0.222394987223E+35
 -0.173173466866E+34
  0.308772142050E+34
  0.332874629627E+21
  0.118217095184E-12
 -0.721749049415E-10
  0.565325069765E+30
 -0.111131148728E-07
 -0.173572749679E-33
  0.703074445572E+22
 -0.827754009369E-39
 -0.389677266149E-11
  0.802219358058E+31
  0.106355877622E+32
  0.111479172513E-17
 -0.844321622069E-31
  0.196602093615E+19
 -0.696412316756E-04
 -0.134519986323E+17
 -0.262063554560E+11
 -0.202634827568E-17
  0.941592025757E+02
 -0.237366655792E+16
 -0.359185549442E-27
  0.528973925870E+37
 -0.461490468479E+21
  0.212588347392E+12
  0.581391523840E+11
  0.137549209595E+01
 -0.350171127226E-31
  0.166986925271E-27
 -0.549636897553E+34
  0.297606308364E-26
  0.140306261764E-17
 -0.110019693375E+02
 -0.160822578125E+05
  0.615156555176E+03
 -0.670031381791E+14
  0.175187143201E+24
 -0.679220050294E-15
  0.211188906831E-37
  0.456233591205E+35
 -0.441922228739E-26
  0.148468078613E+04
 -0.216578541767E-05
  0.431702137722E-37
  0.282741321372E+23
  0.496763641525E+19
  0.103785350802E-04
  0.229960712427E+28
  0.134850928640E+12
 -0.190650448203E-01
  0.575376886452E-26
 -0.348607129491E-12
 -0.892319524951E-31
 -0.612002035605E-18
 -0.864233729746E-25
  0.175141532335E+33
  0.120186159620E-04
  0.153395271691E+23
 -0.533578540994E-19
 -0.381917469369E+26
 -0.316589744871E-11
 -0.301784275890E+21
  0.572834308647E-29
 -0.221409614765E-17
 -0.197346864183E+31
  0.121805960873E-07
  0.681762535674E+17
 -0.449892781820E-16
  0.171919511212E-15
 -0.357823711927E-20
  0.948838244138E+31
 -0.126338800000E+08
 -0.595269386694E-14
  0.521799520000E+08
  0.315999140400E-24
 -0.220637459030E+19
  0.401295836838E-10
  0.294661593979E-28
  0.627308060957E-22
  0.116343671752E-30
  0.438548825462E+35
  0.561038437930E-09
 -0.160449843516E-11
 -0.117244720876E-10
 -0.495726074219E+04
 -0.124990926320E-35
 -0.294225093750E+06
 -0.416823165201E-35
  0.266811768184E-31
  0.751360300566E-20
 -0.309172633600E+13
 -0.521704297044E+33
 -0.114812062878E+29
  0.112755760284E-08
 -0.315299338105E-20
  0.560121850510E-23
 -0.329756567104E-13
  0.108705254221E-26
 -0.408140185600E+10
  0.418298650348E+18
                 NaN
 -0.729171514511E+00
 -0.143391306553E-14
  0.106516672815E-06
  0.128997485284E-18
  0.279379306141E-34
  0.805859549564E+35
  0.455017831341E-28
  0.532023731981E-13
 -0.508622889654E-19
 -0.113615340069E-05
 -0.104924281901E+39
 -0.459100426684E+27
 -0.799457885934E-16
  0.216583395108E+25
  0.266573946069E+33
 -0.447391659021E+00
 -0.142807413907E-36
  0.162467922832E-36
  0.168367930568E+22
 -0.506117531250E+06
 -0.142469158693E-08
 -0.144333652866E+27
  0.123195850100E+31
  0.866888578396E+27
 -0.256339379761E-28
  0.928512512207E+03
  0.829396288000E+09
 -0.232643281250E+06
  0.255778246477E+21
 -0.778458196464E-23
  0.356001561897E-16
 -0.378864268280E-27
  0.105549346312E-16
 -0.754864640000E+08
  0.343127406250E+06
 -0.679730526718E-34
  0.363894707001E-24
  0.509196974217E-23
  0.181746613870E+29
  0.150646330773E+23
 -0.297272396800E+10
 -0.592898508800E+10
 -0.111682064999E+24
  0.103211581707E+00
  0.304164489215E+26
  0.138485571448E+24
 -0.460836109526E+21
  0.569880832000E+09
  0.236048199402E-29
  0.240889787674E-01
  0.384189320921E+15
 -0.587037879815E-17
 -0.684891967103E-02
  0.149392553912E+36
  0.491367195821E-07
  0.378543312055E-27
  0.182755202423E+26
  0.118003679992E-35
  0.165448268399E+33
 -0.889306687542E-25
  0.203070149633E-27
 -0.614341533805E+29
 -0.694915760128E+12
 -0.191610902548E+00
  0.165021309301E-14
  0.276652173023E-32
 -0.724955850000E+07
 -0.594625892639E+02
  0.175450292224E+12
 -0.138218603973E+21
  0.336020036755E-28
 -0.731640435841E+19
  0.126763677680E-10
  0.703652426290E+22
  0.272115845871E-15
  0.785427349216E+35
  0.235005859174E-31
 -0.114695540781E+35
  0.344928035786E-11
  0.153090804331E-23
 -0.124599771477E+21
  0.130557642838E+27
  0.155097781681E-02
  0.296624506799E-17
  0.206038500000E+07
  0.193944886411E-31
 -0.146977999695E+22
  0.911090813904E-09
 -0.922260101621E-09
  0.605264968495E-34
  0.762032789979E+29
 -0.460222044623E-18
  0.874512684490E-10
 -0.710329443359E+04
  0.107841388814E-13
  0.992140432895E+37
  0.213080097797E+20
 -0.114098805934E-01
 -0.337162290512E-14
 -0.204865666527E+17
 -0.136518641040E+36
 -0.882133014938E+13
  0.807298525665E-34
  0.133551558733E+35
 -0.876265431342E-22
 -0.353949157715E+03
  0.412202214400E+10
 -0.146334154752E+13
 -0.420404534312E-34
 -0.344197068545E-14
  0.227923967254E+18
  0.310349864907E-14
 -0.470137968659E-01
  0.120782337189E+02
  0.530254602432E+01
 -0.456242672068E+16
  0.785098592865E+27
 -0.175768421875E+06
  0.170480094110E-17
  0.495335669257E-03
  0.831150814795E-16
 -0.449506851665E+19
  0.109300250188E-02
 -0.106939441880E-28
 -0.372024597109E+20
 -0.811208298854E-31
 -0.752001750000E+07
 -0.829561138153E+01
 -0.340948177299E-20
  0.107561334815E-29
  0.788252081958E+32
  0.205092138369E-34
 -0.151902444733E-17
  0.448334446901E-06
  0.210026663299E+34
  0.957039895441E-16
 -0.738140657869E-21
 -0.349818923828E-10
  0.148462548852E+00
 -0.133198231995E+25
 -0.537297907988E-12
 -0.341548245850E+20
  0.111393241882E+02
 -0.473631950000E+07
 -0.162595791082E-18
 -0.899796125114E-29
 -0.354037038051E-03
 -0.389182421875E+04
 -0.201933893354E+35
  0.914732154644E+34
  0.317738158685E+17
  0.767758009945E-10
 -0.168730966976E-07
  0.170913982391E+01
 -0.599245163201E-33
 -0.116571653523E+28
  0.160990730042E-36
 -0.461775020620E-13
 -0.327161802307E-17
  0.465935335218E+18
 -0.168825433633E-07
 -0.425498771456E+13
  0.679841408543E-20
  0.206815268598E+39
 -0.109529763037E-07
 -0.231167207011E+19
  0.964885115097E+19
 -0.222647940331E-20
 -0.128980166377E+15
  0.311803144068E-11
  0.121744383538E+30
 -0.357580041885E+01
  0.870337024672E-09
  0.785316856168E-14
  0.186417636285E+25
 -0.231257879513E-08
 -0.217037628053E+22
 -0.666362516294E-25
  0.242788413440E+11
  0.416409150000E+07
  0.892462977979E+19
 -0.171496113853E-16
 -0.204827613578E-18
 -0.379028275200E+11
 -0.215247844438E-20
 -0.495093425202E+24
 -0.469509986445E-08
 -0.146285715931E+24
 -0.166877810485E+23
 -0.754274822400E-33
  0.128362187500E+07
  0.176389173314E-13
  0.435717364233E+23
  0.218968150278E-07
 -0.325860339217E-03
 -0.810720121081E-05
  0.111926054688E+05
 -0.370451540869E+14
 -0.163106186557E+19
 -0.975284328550E-19
 -0.447354711258E-31
 -0.173675076603E+30
  0.356941089997E+13
  0.191931519566E-06
  0.871364612409E-13
  0.756460640000E+08
 -0.458607808552E+33
  0.622717009920E+11
  0.193108829528E+26
 -0.193365188325E+37
  0.783221307055E-22
 -0.828533856104E-22
 -0.718594103351E-34
 -0.432278943433E-26
  0.135217838405E+35
  0.115695922133E-34
  0.367054520320E+11
 -0.350464707542E-26
 -0.293109967924E+28
 -0.588613282450E-20
 -0.158617880957E-27
 -0.197963821875E+13
 -0.641362521492E-05
  0.193002475618E+16
 -0.239380005129E-36
  0.287613986447E-11
  0.467342100183E+24
 -0.414958140027E-05
 -0.100448854505E+32
  0.362705129465E+16
  0.143969818561E-33
  0.533486210029E+31
  0.768131117508E+16
  0.185994056383E+27
  0.232002630451E+13
  0.222971787296E-22
  0.153125930786E+03
 -0.472015580927E-35
  0.110881574318E-26
  0.454189702682E+36
  0.355131505057E-02
 -0.834498223412E-06
  0.256898711946E-28
  0.145691749908E+14
  0.915013786002E+33
 -0.104952215009E+30
  0.949258316750E-24
  0.300858869196E-05
  0.130102297209E+20
  0.121929233412E-19
  0.225926687203E+19
 -0.783544131859E+25
 -0.776116833582E-37
 -0.126819699200E+10
  0.443452548981E+01
  0.154427966591E+32
 -0.540318533634E+29
 -0.779074302017E-38
  0.673125781250E+04
 -0.351195833662E+18
 -0.370775405364E+25
  0.433207240000E+08
  0.554869459862E+23
  0.529970169067E+01
  0.663564261049E-02
 -0.193538260992E+12
 -0.536706631629E+29
  0.179731058513E-31
 -0.273380769068E-21
 -0.365174673789E-05
 -0.597908366756E-23
  0.156657278559E+17
 -0.107086300850E-01
  0.711730945292E-22
 -0.951122999041E-25
 -0.765845982187E-06
 -0.420280144200E+37
  0.154946375680E+11
  0.109274519090E-29
 -0.393589545992E-13
 -0.118614145548E-18
  0.489905288040E-36
  0.111482738495E+22
 -0.198271933275E+29
 -0.197034478188E+01
  0.161215322237E-23
  0.209913662292E-22
  0.131070351360E+11
  0.293914471399E-30
  0.317150812500E+06
  0.131123513389E+30
 -0.276064984206E-07
 -0.157787089844E+05
 -0.651299597481E+31
 -0.165814255116E-29
 -0.987797405149E-34
  0.146723724902E-02
  0.583120045848E-13
  0.380269525000E+07
  0.530824862486E+20
 -0.286927468750E+06
  0.675560757518E-01
 -0.547721546937E-11
 -0.121694663615E+37
  0.139369777495E+17
 -0.152302913784E+27
  0.491617511873E-28
  0.894288915382E-13
 -0.969549268484E-02
 -0.897118899924E-36
  0.773379168830E+25
  0.793690860271E+00
  0.347922968420E-29
 -0.903067768591E+31
  0.151604127087E-29
 -0.123440266029E+37
 -0.213464809472E+12
  0.127103694652E+33
 -0.321736761555E+20
  0.155401518568E-01
  0.434796048408E-28
  0.273682875000E+07
 -0.891354431152E+03
 -0.791945728000E+10
 -0.180424092373E-18
  0.936718252210E-30
 -0.261357454292E-04
 -0.735871369216E+12
 -0.330970793518E-32
  0.662014997249E+37
  0.211814289939E+37
 -0.122169729713E-20
  0.133690181771E+21
  0.893502529993E-14
 -0.254142810716E+23
  0.696251129667E-11
 -0.536139110400E+10
 -0.120936043499E+24
 -0.179499300430E-03
 -0.893029609375E+05
  0.482760032256E+12
  0.516556260002E-17
 -0.749698829819E+26
 -0.183936266747E-26
  0.495540674467E-11
  0.206682516423E-21
  0.373673671857E-02
  0.357189666682E+16
  0.642758550384E-05
 -0.107403072980E-11
 -0.700712552686E-21
  0.813546811649E+31
 -0.155786311193E+35
 -0.450379103035E+23
  0.123422876186E-05
 -0.451043960211E-12
 -0.199401148403E+21
 -0.272938785784E-25
  0.251276928000E+09
 -0.502266685193E-19
  0.543503593282E-25
  0.146677609791E-05
  0.285936102940E+29
 -0.704941409359E-39
 -0.872250843048E+01
 -0.195520466137E-11
  0.426587468750E+06
  0.714906736238E+33
 -0.424242988165E+19
  0.213154578715E+21
 -0.960763293394E+18
 -0.176887379721E-32
  0.597834354267E-03
  0.104274067159E-08
 -0.836581932164E-31
  0.700240369736E-24
  0.460457361129E-08
  0.401521587659E-20
 -0.434825621430E-22
 -0.702374507861E-31
  0.140217554043E+14
  0.113683292160E+12
  0.429584259292E-27
 -0.805265000000E+05
 -0.806082143891E-37
  0.253001798891E+26
  0.109663109494E-37
  0.676310888672E+04
 -0.897890475585E+34
 -0.531026855469E+03
 -0.145035215168E+17
  0.485999047756E+00
 -0.731946157194E-14
 -0.656333804131E+00
  0.410708300800E+10
  0.141582064436E-30
  0.384438353920E+11
  0.348233184000E+09
  0.398582451472E-31
  0.301878552456E+29
 -0.172396458763E-36
  0.375280388413E-34
  0.500846794129E-20
 -0.270207633326E+15
 -0.945229489523E-36
 -0.596580424289E-14
  0.302992701530E+01
 -0.285055364528E+18
  0.828570176000E+09
  0.209838677118E-23
  0.138393128291E-01
  0.235945450289E-19
  0.832074597252E+38
  0.728900855629E+29
 -0.153351544891E+25
  0.155585073499E-18
  0.304951335084E+26
  0.178718528399E+17
  0.351399219200E+10
  0.830221093750E+04
  0.217478676480E+12
  0.334965320200E+21
  0.159060717066E+26
  0.432486718266E-21
  0.117219906061E-26
 -0.108503469733E-31
 -0.252375458752E-35
  0.139893705963E-26
  0.315334754304E+12
  0.363990106731E-37
  0.151122144782E+20
  0.867755737930E+24
  0.194489787724E+38
 -0.531662866323E+37
  0.505364072882E+38
 -0.221830105439E+30
  0.308845960233E+14
  0.103625837059E-16
  0.105191922188E+01
 -0.546150285957E-29
 -0.200397250000E+07
 -0.892207896998E+22
 -0.311031014383E+31
  0.166221634438E-29
  0.441886316958E+38
 -0.400158398438E+05
 -0.579370764415E-27
  0.472131695542E+15
 -0.225216422223E-05
  0.284153794883E-19
 -0.980402954921E+35
  0.145007406262E-26
 -0.166357112037E+21
 -0.815974846861E+20
  0.931549819116E+31
 -0.485577352806E+13
 -0.660658064408E-15
  0.621044269001E-36
  0.131899768832E+12
  0.554936668698E+20
  0.854535484473E+15
  0.107050934957E-11
  0.214655004790E-13
  0.170338552856E+37
 -0.117914615474E-27
 -0.813865258280E+35
 -0.397336829280E-15
 -0.141540481324E-31
  0.283244134759E+25
  0.704305194380E-20
  0.343892629127E+15
 -0.576315964715E-18
 -0.158219170189E-16
  0.225115279196E+14
 -0.567932936235E-07
  0.185032640886E-26
  0.117181367188E+05
  0.938702207645E-37
 -0.733420350632E+25
  0.466490723193E-01
  0.401940923211E-06
  0.601056684216E+38
  0.160463056811E+19
  0.328514670400E-05
 -0.237918517353E-12
 -0.820709680205E+35
 -0.153585285120E+11
  0.290440857498E-04
  0.432303899345E-07
 -0.260959272960E+11
  0.564438439906E-01
 -0.229897523241E-08
 -0.732161356962E+18
  0.167983544821E+21
 -0.505270552821E-03
 -0.580626394615E-16
  0.224444545706E-37
  0.177558304142E-31
 -0.165221701904E+19
  0.105000518262E+00
  0.607157760000E+08
  0.211943793297E+01
  0.221766460481E-14
  0.183399883822E-28
  0.146644332233E-07
 -0.516993366182E-02
  0.216063537598E+02
 -0.578248951468E-33
  0.184632983219E-21
  0.653456497192E+02
 -0.131503551738E-33
 -0.791505382536E-32
 -0.526429960000E+08
  0.341376666348E-21
 -0.106660696000E+09
 -0.184813474765E+36
 -0.909078730072E+34
  0.261184036737E+22
 -0.495869048821E+26
  0.723317080432E+26
 -0.172284671579E-37
 -0.509214508255E-36
  0.892243804160E+13
 -0.436788523806E-25
  0.189480523130E-27
 -0.858623054479E+38
 -0.147077060000E+08
  0.231654422039E-34
  0.193910286997E-13
  0.673289100000E+07
  0.585485268866E+19
 -0.333557330690E+19
 -0.114219612229E-22
 -0.110817107665E-25
 -0.325520276006E-31
 -0.322873393383E+17
 -0.157135948544E-36
 -0.172928508997E+32
 -0.305877518654E+01
 -0.425339816138E-02
  0.125295008794E-14
  0.936034007745E-16
  0.702613236376E-27
  0.598494549344E-14
 -0.383638780466E-11
  0.101132853375E-28
  0.354097981472E-03
 -0.441644508983E-17
  0.430448950706E+25
 -0.862255766536E-22
  0.146957370847E-16
 -0.952302693002E-29
 -0.120526102405E+17
 -0.227684823241E+27
  0.896627928025E+19
 -0.292351886432E+29
  0.134005194417E-26
 -0.110451018581E-22
 -0.766271072013E-25
  0.494113166819E+33
  0.104142932414E-35
 -0.118170716008E-27
  0.534377322765E-04
 -0.241474728682E-03
 -0.485170289766E+21
  0.214923531416E-06
  0.238990560707E+34
  0.185596687241E+35
 -0.460116110610E+22
  0.134374406358E-24
  0.231845985984E+36
  0.320584298253E-37
 -0.272863354252E+19
  0.203956886298E-26
  0.347845770688E-23
 -0.180959737611E-22
  0.317565116882E+02
 -0.189835696115E-31
 -0.338976286225E+38
 -0.415670750000E+07
 -0.264117963009E+21
  0.747269150452E-04
  0.616039394635E+24
  0.189966223742E-33
  0.159690411617E+30
 -0.221276235027E-26
  0.245564686429E+18
                 NaN
  0.309500694275E-01
  0.160598963499E+00
 -0.330477183561E-16
 -0.278975136325E-06
 -0.813982485267E-34
 -0.542470970154E+02
  0.226940368094E+22
 -0.652948736000E+10
  0.444882424855E-35
 -0.778378641041E+16
 -0.158014129559E-09
  0.196623764568E-32
  0.124888431987E-16
  0.407388852665E-38
 -0.260741145414E+39
  0.360598462201E-08
 -0.400241917952E+12
  0.280600220000E+08
 -0.783339781594E-18
 -0.466411863202E-15
  0.681466022534E-24
  0.262682735920E-01
 -0.175508238185E-36
 -0.181460121550E-20
  0.721191769907E+31
 -0.263575961600E+12
 -0.573799745454E+14
 -0.182211280236E+34
 -0.893929794273E+24
 -0.915100580390E-23
 -0.124206267856E-22
  0.369981440000E+10
  0.981256534360E-10
  0.354875356745E-26
 -0.192709570116E-17
 -0.187786875137E+22
 -0.231233435177E-10
 -0.153986734427E+28
  0.129946591797E+05
 -0.192289599609E+04
  0.228600924487E-16
  0.548105877943E+21
  0.335874477501E-15
 -0.269790887281E+15
 -0.117801239696E+28
  0.747359827440E+37
  0.400335382437E-03
 -0.118521886749E-09
  0.184549921875E+05
  0.154046271639E-14
  0.150073145051E-03
 -0.120568519592E+03
  0.443279418505E-06
 -0.681450487506E+35
  0.339984156456E-19
 -0.440947902685E+18
  0.755955859253E+35
 -0.941114828817E-36
 -0.179434216802E-32
  0.575665160000E+08
 -0.491157749760E+11
 -0.751910500000E+06
  0.294564003840E+13
  0.570637069082E+26
 -0.851485225702E-29
  0.130307924451E-07
 -0.262059645759E+36
  0.242651444327E-33
 -0.293828224000E+10
  0.615822021484E+03
  0.138874946699E-11
 -0.742661816147E+33
 -0.142039019032E-17
 -0.532110971545E+17
  0.240410602537E-08
  0.476456268936E+24
 -0.883437910475E-17
  0.259300341797E+04
 -0.401450842636E+22
  0.719324648380E-01
 -0.228139928460E-18
 -0.876520300000E+07
 -0.449069399969E+20
 -0.181639078778E-09
  0.398103841658E+26
 -0.143609225750E+01
 -0.451405212276E+32
  0.835526020034E+36
 -0.867646679872E-14
  0.263965283446E-24
  0.214832198788E-15
 -0.255899063110E+03
 -0.462651625000E+06
  0.600104548471E+33
 -0.690947589813E-27
  0.999988484633E+24
 -0.608046241495E+30
  0.583126931599E-34
 -0.780075323646E-17
 -0.577520774784E-15
  0.272721240939E+36
  0.338299615586E-28
  0.209194396973E+03
 -0.223157750000E+06
  0.874263500000E+07
  0.142166245468E-20
  0.309206324595E-31
  0.123192664000E+09
  0.685382135231E+27
 -0.117426850466E-05
 -0.640090014189E+17
  0.124495959473E+04
 -0.841377248827E+19
  0.111694542504E-09
  0.739295792300E-03
  0.152849790377E+39
 -0.153557394930E+32
 -0.464140392129E+23
 -0.202385524184E+26
 -0.577260912640E+11
  0.811848678950E-06
  0.156500635873E-25
  0.111808944048E-09
  0.141142919574E-08
 -0.291049917749E+24
 -0.128447065893E+24
  0.545550050623E-32
  0.505224271930E-25
  0.711469440000E+08
 -0.350065879899E+23
  0.357172136137E-35
 -0.558814329412E+16
  0.414460075073E+37
  0.110389761627E+00
 -0.236961297384E-26
  0.917318211386E+33
 -0.950187405024E-29
 -0.794383172299E-27
 -0.133310174524E-15
 -0.210185754068E+35
 -0.429351230056E+37
  0.700745910645E+03
 -0.807364489723E-22
  0.190161719355E+31
  0.449808632812E+05
 -0.142789950544E-33
 -0.817662169010E+26
  0.784247578125E+05
  0.302496925632E-18
  0.879882076089E-16
  0.725227397578E+28
  0.572566414045E+26
  0.719249250000E+07
 -0.546488688674E-36
  0.557547832163E-30
 -0.377742200288E-31
 -0.638885596781E+28
  0.501090814783E+26
 -0.261590730936E-14
  0.257245346802E-06
 -0.958047456881E-33
 -0.776682373047E+04
 -0.332630743787E+34
 -0.227401635956E-26
 -0.271749667514E+17
 -0.227894501185E+37
  0.883809864521E+00
 -0.128390523738E-19
  0.156119014549E-23
 -0.743586204274E-29
 -0.151369650231E+32
  0.357412384000E+09
  0.130302638393E-37
  0.502950834646E-18
  0.308687600000E+07
  0.824888133184E-18
 -0.174196390435E-02
  0.716686805710E-15
  0.257394388564E+33
 -0.135218725602E-30
 -0.351810647579E+21
 -0.551020323788E-31
  0.162047788382E-10
  0.116892608423E+27
 -0.823690455250E-23
  0.541293583481E-21
 -0.159256121586E-32
  0.305685060166E-23
 -0.223150814975E-32
  0.604221581801E-32
 -0.644216592410E-34
  0.264921545750E-04
 -0.361621900370E+24
 -0.131593658541E-29
 -0.651646642071E-28
 -0.246774540621E+37
 -0.578884501010E-04
 -0.198484118219E+17
  0.761582439152E-32
  0.465382993221E+00
  0.285648549259E-08
 -0.187934255600E+01
  0.110654823468E+26
 -0.250357687500E+06
 -0.275948047638E-01
  0.710583827814E+17
  0.127809293394E+34
  0.461784209824E-35
 -0.217711538076E+00
  0.742724621698E-24
  0.175147292225E-07
  0.262255949743E+22
  0.139678755350E+27
 -0.121776479477E-34
 -0.983411380249E+20
 -0.827913574219E+04
  0.220508266413E+20
 -0.290220490050E-35
  0.770121250000E+05
 -0.140761436160E+11
 -0.125863689120E+22
  0.815411480325E+23
  0.341974509318E-21
  0.390116380127E+22
 -0.638146082443E-33
  0.452384293079E+00
  0.718444188517E+26
  0.141644240000E+08
 -0.105052136318E-16
 -0.417931959730E+15
 -0.271802341261E+15
  0.392508825916E-28
 -0.909767938600E+21
  0.146835085288E-21
  0.354755735397E+01
  0.814323292264E-37
  0.179802937055E-04
  0.816302976000E+09
 -0.456148688971E-13
 -0.112743738648E-25
 -0.731400750000E+06
 -0.267168275934E+39
 -0.198815322197E+32
  0.220543358808E-37
 -0.479484537616E-38
 -0.704109355205E+15
 -0.320357941091E-01
 -0.440145086958E-16
 -0.232344661997E-19
 -0.184075625990E+29
  0.116954397527E-03
 -0.173622378249E-21
  0.116936824005E+18
  0.301551081066E-04
 -0.165098028327E-37
 -0.720370316902E+32
  0.243966166713E-10
  0.155702483102E-15
 -0.541506971854E+38
 -0.189916548266E-06
 -0.562584444377E+29
 -0.102226012377E-09
  0.136387708687E+18
  0.523518979730E+36
 -0.374582794734E-30
  0.389071144644E-32
  0.428414166887E+36
 -0.186067695276E-20
 -0.102669089085E+33
 -0.268788991065E-08
  0.526990239072E+15
 -0.215896765625E+06
 -0.205176424980E+01
 -0.425467280648E+26
  0.313501666033E-12
 -0.163806263758E-36
 -0.742249779200E+10
  0.153888339844E+05
  0.131390030000E+08
 -0.760929941264E+18
 -0.703115654588E-08
 -0.190384781536E+25
  0.269543927988E+22
  0.582534048590E-04
 -0.329169840558E+25
  0.106721846638E-09
  0.473850002431E-22
  0.258604069044E+38
  0.878317221471E-12
  0.340712500000E+05
  0.852455847887E+15
  0.564633560244E-14
  0.114598944262E-31
 -0.195173953916E-31
  0.426919102669E+00
 -0.687148141030E+22
 -0.701462098961E+18
  0.861588360790E-38
 -0.578441038800E+34
 -0.303585147776E-05
 -0.266489537181E+24
 -0.192451133014E+37
 -0.734056865221E+28
  0.127596527712E-26
 -0.501162134015E-07
 -0.174208038330E+03
 -0.747031720039E-06
  0.512298857803E-27
  0.396162816956E+34
 -0.230671077967E+00
  0.759853694160E-18
  0.161414573711E-24
  0.686410371503E+28
  0.153168912000E+09
 -0.165992522144E+24
 -0.774385696768E+12
  0.212825023921E-28
  0.136274048390E+19
  0.125377388593E-11
 -0.524885680550E-21
  0.121029859375E+06
 -0.669593065977E-01
 -0.176472350621E-09
  0.364657345263E-16
  0.132284862884E-32
  0.684218115234E+04
  0.119498445064E-37
  0.336811516177E-10
 -0.305649881553E+29
 -0.891365757987E-28
  0.407848215103E+01
  0.359146496793E-31
 -0.164890296875E+06
 -0.147363051491E+34
  0.108213669137E-06
 -0.192018803200E+10
  0.291096915523E-26
  0.549332662692E-10
 -0.227858640756E-05
 -0.404463616000E+10
  0.457860579328E+12
  0.222212277177E+36
 -0.129522196721E+23
 -0.399902461368E-06
  0.179943215883E-08
 -0.207537391804E+35
  0.545103731042E-07
  0.528212824804E+24
 -0.312811491533E-23
 -0.433425960000E+08
 -0.204035532079E-03
 -0.324915257564E+23
  0.157698815427E+14
 -0.252786441706E-02
 -0.690553140640E+01
 -0.343633845337E-11
  0.436169107686E-15
  0.241564740000E+08
  0.158352405203E-33
  0.225851658240E+11
  0.129791517241E+17
 -0.477701183898E+13
  0.238862587139E-02
 -0.510051965224E+20
  0.462034438486E-10
  0.166143815680E+11
 -0.133627291733E+25
  0.612043325440E+14
 -0.295592287244E+27
  0.529557191137E-20
 -0.304547035224E-21
 -0.792139871919E-05
  0.170332441805E+13
 -0.106556550400E+10
 -0.389478494915E+32
  0.697194826272E-22
  0.233189579292E-25
 -0.122447105264E-25
  0.176939804096E+27
  0.328393241489E-07
 -0.116743648746E+20
  0.432078444026E+33
  0.223309502006E+00
 -0.147316460000E+08
 -0.270355405455E-21
  0.183902656992E-09
  0.459849984000E+10
 -0.141185163560E-08
 -0.498130322266E+04
 -0.138620966919E-12
  0.372869135299E-18
 -0.739501342720E+11
  0.360019847268E-09
 -0.117253947211E+18
 -0.480645827993E-31
 -0.486721077175E-25
  0.137768098298E-23
 -0.208428529131E+34
 -0.398169151791E-35
  0.726549000000E+06
 -0.154341220703E+05
 -0.249224409620E-30
  0.118401759378E-14
  0.146252298466E-10
  0.308917183275E-20
  0.590362105868E-04
 -0.764569492162E-07
 -0.996360516305E-36
 -0.148809502720E+11
 -0.481636837826E-25
  0.930976949721E-30
  0.490542542282E+22
  0.128408732303E+14
 -0.309959863281E+05
 -0.331196258545E+03
  0.594957704476E+20
  0.159954590690E-28
  0.110783636505E+25
 -0.191774613894E-33
  0.330541424491E-26
 -0.678990828998E+38
 -0.210721839166E+32
 -0.277473766330E+32
  0.254833580600E-25
  0.326657698835E+39
 -0.679671326835E+16
  0.791740645345E+33
 -0.210213807892E-16
  0.122471032958E+27
  0.437097360154E-27
  0.887039575256E-25
 -0.624823170905E-15
 -0.348390005529E-01
  0.350169596329E-33
  0.381601346692E-35
 -0.225102070672E-23
 -0.365073534627E+30
  0.569116592407E+02
 -0.136497214040E+28
  0.103822950400E+13
 -0.741436974141E+24
 -0.492521172796E-18
 -0.341784069103E+20
  0.120399728121E-16
 -0.489130961603E+29
 -0.117778411893E+22
 -0.751118090240E+11
  0.738327354193E-01
 -0.143437337875E+01
 -0.218170302684E+18
  0.452712206158E+32
  0.172763475000E+07
 -0.483178719878E-01
  0.366315866226E-31
  0.176786089954E+23
  0.573550748825E+01
 -0.182937832959E-36
 -0.700672059952E+29
 -0.161946808615E+15
  0.890268157673E+32
 -0.424190498888E-01
  0.380551413760E+11
 -0.201810460331E+16
 -0.180137073050E+13
  0.152170720000E+08
 -0.370604275784E+24
  0.186773237834E+35
  0.279550448147E+29
 -0.932993682312E-08
 -0.339770911417E+17
  0.383856733207E-34
  0.609062441182E-27
  0.325073824923E+29
 -0.381040051579E-01
 -0.153825109344E+15
 -0.592473499894E+14
 -0.100807666016E+04
 -0.174126886237E+16
 -0.193260172270E-13
  0.177594188244E-06
 -0.202551581600E-14
 -0.522750571129E-12
  0.566390044987E-01
 -0.755644832123E-24
  0.136467670497E-08
  0.168284517990E+27
 -0.395296917517E-17
 -0.510438722440E-28
  0.146868422326E-32
 -0.435995885836E-30
  0.517243287266E+34
  0.308720074995E+28
  0.973279854592E+14
 -0.322488782145E-34
 -0.727972883868E+33
 -0.320204798603E-37
  0.198442967303E-05
 -0.789897090989E+22
  0.981548442525E-08
 -0.140904526162E+21
 -0.855615000000E+07
 -0.204379150391E+03
 -0.451492673201E-17
  0.323117065147E+28
  0.351616131385E-23
  0.778045003024E-28
 -0.969152058952E-14
  0.623813666450E-15
 -0.482652763242E-11
  0.128794335938E+05
  0.315513300342E+19
 -0.561136599280E+27
 -0.297775468750E+05
 -0.142533254907E-35
 -0.202766555174E-12
  0.590988693237E+02
  0.116022457192E-23
 -0.133718700113E-06
 -0.148196827139E-24
  0.454696561684E+27
 -0.103320189521E-14
  0.121850534781E+31
 -0.288668692480E+11
  0.353651240599E+23
 -0.467438019320E-19
  0.110469554347E-25
 -0.367417814829E+37
 -0.140900911640E+35
 -0.150249990798E+36
 -0.605950637507E+14
  0.289023679529E+14
 -0.107061232498E-29
  0.597287632896E+12
  0.898528132561E-26
  0.792831872000E+09
  0.429688817860E-07
  0.152176394477E+34
  0.172820632922E+20
  0.742412109231E-28
  0.518012270727E+23
  0.127978943055E-03
  0.137797473506E-23
 -0.144022166104E-14
 -0.159947444445E-05
  0.168203448239E+28
 -0.323701216809E+25
 -0.226330180687E+30
  0.416189125744E+22
  0.183516580000E+08
 -0.271356157100E-05
 -0.306780575053E+16
 -0.214638697798E-03
 -0.533980213386E+33
  0.248358454909E+23
 -0.178219374346E+14
 -0.187307829583E+39
  0.817487191222E-12
 -0.979404051152E+27
  0.848615650270E-28
  0.831901710409E+34
  0.194837301459E+38
 -0.185881301959E-21
  0.152297290042E-01
 -0.420467860705E-21
 -0.503960036983E-38
 -0.767874611324E+17
  0.942472144961E-01
 -0.240405297518E-04
 -0.483755745280E+11
 -0.720567323257E-12
 -0.474648125440E+11
 -0.449610780464E-12
  0.997485694825E-04
 -0.122953735352E+04
 -0.179129852706E-15
 -0.976331800000E+07
 -0.623939543040E+11
  0.497761433600E+10
  0.937817433702E+14
 -0.348382495022E-31
 -0.633508843818E+38
  0.419706521496E+22
  0.365383566187E+25
 -0.475398623750E+34
 -0.142689765740E+16
  0.206176786648E+27
  0.130754228108E+31
 -0.982562966841E+18
 -0.675291649043E-36
  0.708896278544E+38
  0.645700386816E+12
 -0.169792034937E-17
 -0.227407287366E-31
 -0.388234419200E+10
  0.955152896000E+10
 -0.187554980000E+08
  0.291608166727E-33
 -0.311549188676E+37
 -0.349522987381E-02
  0.632570561265E-06
 -0.687542266176E-20
  0.324269971494E-21
 -0.684889145995E+26
 -0.472749977911E-35
  0.925064554797E+25
 -0.196974564407E-19
  0.992734922045E-10
 -0.260429090970E-35
 -0.219549859712E-28
  0.212751998333E-03
 -0.228460964204E-13
  0.881207822407E-24
 -0.639798112078E-20
 -0.433526086807E+01
  0.638741576410E+29
 -0.477580273438E+05
  0.156090325000E+07
 -0.302892705866E-33
  0.315112476870E+28
  0.122585834106E-04
 -0.234427520752E+03
  0.552934760776E+14
  0.349799510938E-22
 -0.174338102982E+25
  0.965231966348E+17
 -0.361763032272E-24
  0.203884786008E-19
 -0.631857124002E-25
  0.128947325091E+27
 -0.243485152117E+15
  0.525233912860E+16
 -0.565907433542E+18
  0.185222327621E+26
  0.175464278552E+28
 -0.697236936030E+22
 -0.970750785952E+35
  0.147029468790E-01
  0.155216930434E-01
  0.508893156052E+01
  0.946326235123E+28
  0.148821400944E-02
  0.232944059372E+01
 -0.262629237113E-05
 -0.160881227833E-31
  0.235918551221E+36
  0.179938604388E+31
  0.502139300806E-06
  0.129514806314E+25
  0.539372331332E-05
 -0.293678749799E-27
  0.302786774979E+31
  0.183393189888E+13
  0.835618954669E+36
 -0.145593419671E+00
 -0.283221313000E-33
  0.955228120258E-23
  0.415701322254E-06
 -0.789782388602E+37
  0.309228160351E-14
  0.449902565900E+18
  0.111113547088E-29
  0.116576894275E-22
 -0.202387319949E+22
  0.278350069667E+22
  0.601775296000E+09
 -0.641627276246E-35
 -0.740871738138E+37
  0.419299251200E+10
  0.233036381303E-07
 -0.204287392130E+17
  0.274067044614E-07
 -0.822143828710E-11
 -0.172966227561E-26
 -0.619289678972E+33
 -0.514908258304E+12
  0.116982293347E+21
 -0.733626404494E-20
  0.107838661194E+03
  0.640153601180E+15
  0.571048303236E+18
  0.142400419341E-26
 -0.455751383404E+27
 -0.332618223014E+26
  0.161679995060E+01
 -0.134218713661E+14
  0.575018022994E+14
  0.232612127267E+35
 -0.246118008958E+28
  0.553446935626E+15
  0.567428414748E+27
 -0.141801104499E+35
  0.769635927733E-34
  0.147450055502E-14
 -0.274056314007E-29
 -0.253901635584E+12
 -0.321997725000E+07
  0.448682335730E-07
 -0.118384600593E-22
 -0.467763362635E+19
  0.301887866281E+24
 -0.203907700619E-31
  0.120552014479E+16
  0.590744576579E+18
  0.266945844487E-04
 -0.258869165914E-32
                 NaN
  0.486440801312E+33
  0.619806208000E+09
 -0.337657776127E+22
  0.538658187500E+06
  0.290587391497E-27
 -0.122369018697E-22
 -0.714795145838E+26
  0.602555116913E-08
 -0.478809440000E+08
  0.461852620094E-35
 -0.112019586042E+20
 -0.285678968630E-33
 -0.222147703171E-01
  0.315101930017E+36
 -0.293946316858E-23
  0.169594135284E+02
  0.134137044370E-04
 -0.344260217930E+15
 -0.242739590171E-37
 -0.150244651027E-33
  0.391336780800E+10
 -0.115892360444E-28
  0.103195372503E-03
 -0.539515065209E-35
  0.171551945969E+16
  0.425302884077E-37
 -0.155173002342E+24
 -0.121329468410E+33
  0.182802136987E-01
  0.107052359282E-23
 -0.456402031250E+06
  0.231173322495E+21
  0.750310785024E+12
  0.205001302527E-13
 -0.431001865309E-07
 -0.443676205074E-36
 -0.989033727525E+15
  0.140563232000E+09
  0.417216620972E-23
 -0.276627540588E-01
  0.120178145804E-33
 -0.135420199965E+26
  0.400375223160E+01
  0.730489209703E-13
  0.115232135492E+24
  0.246245542368E+28
  0.187105050624E+12
 -0.199530093079E+17
  0.328800002633E-12
  0.186747661792E-02
 -0.327197073870E+23
  0.461762146758E-24
 -0.330102286864E-32
 -0.136278418069E+22
 -0.180544480000E+08
  0.265367457444E+34
 -0.825942606296E-25
  0.310642743863E+17
  0.215339930508E+30
  0.914887425437E-34
  0.228375997788E+20
 -0.121228229254E-01
 -0.801656001912E-21
                 NaN
 -0.488059973920E-33
  0.708963556327E+34
  0.218496208000E+09
 -0.369341941004E-26
 -0.318800262215E-24
 -0.134723731737E-11
  0.136331901599E-36
  0.178155585218E-05
  0.984626041099E-21
  0.265543535352E-01
 -0.433547938883E-06
  0.434093599324E-04
 -0.945387796492E-06
 -0.410185602959E-04
  0.261757640603E-27
  0.904183834791E-03
 -0.409526800000E+08
  0.168372184684E-11
  0.165715967989E-27
  0.266019791365E+00
  0.186264577980E-14
 -0.328994082557E+19
  0.449588889600E+10
 -0.111093573284E+32
 -0.918518142797E+32
 -0.546841763840E+11
  0.175838456709E+14
 -0.813437427248E-35
  0.231604347229E+02
  0.340018548549E+38
 -0.322075724602E+01
 -0.189952251082E-29
  0.405266220113E+20
 -0.189661662257E-22
 -0.227117121882E+33
 -0.254599994187E-27
 -0.758620596853E+31
  0.310317863141E+15
  0.624861538286E+31
  0.163420836152E+23
 -0.257203566137E-14
  0.894887093455E-02
 -0.172402161199E-25
 -0.536095217328E-17
  0.671582977679E+20
  0.390218163200E+10
 -0.141184111123E+27
 -0.111892852783E+03
  0.116649914551E+04
 -0.242895052800E+11
 -0.205927249044E-02
 -0.498949790106E+14
 -0.280980860801E-08
 -0.160344032478E+21
 -0.686471083427E+27
  0.906912890128E-34
 -0.225651882268E-19
 -0.537069189158E-22
 -0.289326096587E-22
  0.875460753719E-35
  0.513265225982E-15
  0.565991778109E+17
  0.571888771057E+02
 -0.313049223549E-26
 -0.300332749983E+27
  0.244320586324E+00
  0.703963985609E-33
 -0.102293218441E-36
  0.311795320000E+08
  0.189581942149E-30
  0.649714383957E-20
 -0.305770995101E+20
  0.119420175097E-28
  0.372757856365E+38
 -0.590246926856E-12
 -0.311150463279E-35
 -0.169629377612E+36
  0.100142241305E+17
 -0.753929793487E+27
 -0.117433351932E-08
  0.513381844322E-28
 -0.143302783739E+23
 -0.431882674205E+31
 -0.695272745206E+14
  0.210046425781E+05
  0.526600301542E+32
 -0.508840174007E-21
  0.104444702039E-37
 -0.353112981504E+12
 -0.152923256280E-07
 -0.140772727901E+36
  0.366602025000E+07
                 NaN
 -0.418527165972E+20
  0.121504843269E-24
 -0.623911644571E-09
  0.153690025463E-15
  0.433516764013E+20
  0.198383016936E-28
  0.118758478435E+30
  0.223136825872E-24
 -0.165309529049E+31
 -0.198376983462E-05
  0.421667962880E+11
 -0.132108058891E-34
  0.325931411440E+15
 -0.712869349055E+38
 -0.251994920259E+31
 -0.127304480000E+09
  0.776071687500E+06
  0.216017002047E-18
 -0.219723005952E+13
  0.310732194203E+39
 -0.331901042955E-03
  0.221698904037E+01
  0.965580083574E+30
 -0.196953447651E+37
 -0.291040575324E-22
 -0.556145205337E-04
 -0.444582785402E-26
 -0.109685352837E-19
  0.367989161473E+32
 -0.602874832492E+24
 -0.554722343738E-21
  0.459374221583E+31
  0.235220243375E+31
 -0.230079210769E+30
 -0.836490323552E-18
 -0.433934166115E+19
 -0.425120970296E-31
 -0.403134381383E-34
 -0.389904647324E+16
 -0.115392504000E+09
 -0.104867599585E-31
 -0.646992000000E+08
 -0.152693482722E-18
  0.465112328529E-01
  0.757628154755E+01
 -0.791443210240E+12
 -0.183876216120E-12
  0.171239014884E-22
 -0.110128914173E+28
 -0.977594787817E+20
 -0.582283974197E-28
  0.497103581201E+34
  0.188512555908E+24
 -0.312649073475E+23
  0.574451440705E+26
 -0.135013655190E-13
  0.560013992600E-18
 -0.291762748826E-32
  0.738219890798E+24
  0.274894384766E+04
 -0.379462237101E-15
 -0.809972675597E-07
 -0.174125342164E-02
 -0.828290568067E-32
  0.376089411584E+12
  0.155215948668E+24
  0.999301336124E-11
  0.234485214233E+03
 -0.201807810888E-27
  0.626227782321E-30
  0.362050801959E-18
  0.447050973184E+12
 -0.150608479977E+01
  0.892076797485E+02
 -0.558238762179E+30
  0.167271315757E-17
 -0.691230118459E-18
  0.303346694641E-33
 -0.393553841171E-17
  0.149284726348E-19
 -0.106453019143E-11
  0.390668932979E-15
  0.453497087977E+28
  0.804925441742E+01
  0.777112168573E+19
 -0.476266586702E-05
 -0.279480151485E-14
 -0.299833147590E+26
 -0.176817341708E-02
  0.182791656536E-24
 -0.143470335612E-08
 -0.200747218848E-08
  0.158351805370E+21
  0.169342145000E-28
  0.407655536285E+22
  0.210693115228E+21
  0.291603592045E+28
  0.607880064641E-27
 -0.240015958050E+17
 -0.608131516100E+32
  0.178687572080E-19
 -0.180022293091E+03
  0.978087939529E-07
  0.839027327850E-17
  0.886161293424E-29
  0.154401302126E+29
  0.213648880143E+27
 -0.307968487717E+38
  0.546473915715E-32
 -0.121340846482E-24
  0.282777580000E+08
  0.338301719971E-08
 -0.102352852738E+36
 -0.559021828828E-09
  0.314757008930E-18
  0.281092133373E-01
  0.273653008498E+38
 -0.211687126131E-25
 -0.321307737361E-10
 -0.122442186379E-34
 -0.841905176640E-02
 -0.253576980591E+03
  0.157320970240E+11
 -0.416546120390E-16
  0.117878470000E+08
  0.290821422499E-09
 -0.294665027597E-15
  0.126378446317E+16
  0.708519533885E-29
 -0.151445400000E+07
 -0.780451564163E-19
  0.334730670835E+38
  0.196408832073E+01
  0.100023289651E-08
 -0.233794388568E+28
 -0.239142013925E-05
 -0.211197708098E-30
  0.141363588829E+32
 -0.237410880122E+28
  0.111958377147E-05
  0.156814011365E+19
  0.562795161600E+10
 -0.529242611107E-12
 -0.112654143960E-32
  0.252656240000E+09
  0.612317663240E-07
 -0.477999493284E+14
  0.397842004895E-02
  0.496390396207E+33
 -0.158513509356E-19
  0.253442142627E-17
  0.115331370190E-36
  0.169682170537E-07
  0.567438654666E+19
 -0.295413434076E+16
 -0.212814788014E-08
  0.280477946424E-09
  0.215072638267E+19
  0.271482953441E-15
 -0.385965946027E+24
 -0.287804925928E-34
  0.453113406325E+31
 -0.185714667250E-13
  0.261495961600E+10
 -0.200505437197E-16
  0.252212603673E+33
 -0.520153412403E+13
  0.271990733149E-16
  0.567542201939E+30
  0.663445504254E-17
 -0.106820546153E+34
 -0.190594116211E+03
  0.927770435945E-24
  0.267609429770E+15
  0.124473357738E+18
 -0.174389408911E+28
 -0.604714633923E-08
  0.835516023661E+28
 -0.368498432000E+10
 -0.110019960403E+02
 -0.180234199219E+05
 -0.111895451482E-05
  0.815528356447E+35
  0.120941250563E-32
 -0.359644311523E+04
  0.787057341938E+28
  0.162174137503E+34
 -0.352594488524E+31
 -0.777036859024E+36
 -0.743958116800E-05
 -0.129190142363E+18
 -0.108838167073E+37
 -0.398822106726E+15
 -0.125701399757E+39
  0.596099147435E-35
  0.350034724016E-19
  0.728320768344E+20
  0.506612548828E+04
  0.201952957631E+35
 -0.666104540047E+19
 -0.542677985633E-26
 -0.273086032844E+19
 -0.343725981011E-08
 -0.180676225000E+07
  0.938971873935E+14
 -0.269065537225E+27
  0.384984006975E-27
 -0.262874871927E-16
  0.326433276367E+04
  0.541789112848E+35
  0.141169296000E+09
 -0.533396899700E-01
 -0.807713007589E-07
 -0.234510967857E-03
 -0.886558427737E-05
  0.221329264605E-04
  0.154838999859E+19
  0.714981684774E-31
  0.167037717347E-05
  0.745505125000E+06
 -0.679530826682E-14
 -0.113630844730E-29
 -0.865546644491E-05
 -0.938067050931E-14
  0.398304224014E+01
  0.760828552302E-03
  0.245942934569E+14
  0.729374879977E+32
 -0.375306587583E-15
  0.196281819425E+30
 -0.550709982604E-22
 -0.398859493312E+32
  0.957654179616E-15
 -0.382566498592E-02
  0.315971620989E+22
  0.136408859375E+06
  0.547007493878E-05
  0.875594377518E+00
  0.613071800000E+08
 -0.103569731838E-35
  0.157225781331E-13
 -0.316279585347E+38
 -0.305545965879E+27
 -0.308357503318E+23
 -0.806409383713E-10
  0.370659502694E-37
  0.950428480356E-14
 -0.559205194562E-28
  0.108717162164E-18
  0.407180416000E+09
  0.414018652741E-27
 -0.723469327218E+20
 -0.389573827170E-30
 -0.123459424263E+28
 -0.590194604300E-08
 -0.100816143297E+36
 -0.282173513810E+32
 -0.514636973654E-32
  0.340401785730E-20
 -0.808162387034E+15
  0.198163151215E-17
 -0.793314760382E+35
 -0.101323430162E-28
 -0.321397969037E+19
 -0.482775194667E+30
  0.216827106476E+01
  0.757723511603E-32
 -0.725262073693E-19
 -0.445153234266E+30
 -0.124359200715E-08
  0.539466557030E+13
  0.131536578022E+22
 -0.560907066631E-27
 -0.196955990058E+23
  0.606420587277E-36
 -0.146828500000E+08
 -0.114516960584E-29
  0.154685735703E+02
  0.191728908099E+38
  0.514413988836E-11
 -0.444108861176E+18
  0.291881733191E-34
  0.137982983029E+21
 -0.850538476554E+23
  0.110682450992E-29
 -0.158030799231E-23
 -0.124446949376E+12
  0.256753706939E-14
 -0.793393355806E+26
 -0.672101826560E+13
  0.173400047616E+12
 -0.131084787200E+10
 -0.994983002235E-22
 -0.527171768656E-19
 -0.465607641815E-17
 -0.107371104771E-26
  0.517151300969E-33
  0.483587816051E-19
  0.142674128002E-37
  0.201466496331E-24
  0.601540945546E+25
  0.560143834331E+32
 -0.446794483809E+26
 -0.299229938982E-37
  0.245020901376E+12
  0.900941751945E+19
 -0.274361006570E+39
  0.141317768142E+37
  0.305641170265E+19
  0.697043239659E-34
 -0.142283229828E+02
  0.764134751924E-35
 -0.835238881328E+37
  0.531184113757E-32
  0.126005827994E-07
 -0.263376312499E-27
 -0.486069091797E+04
  0.519423703567E-20
 -0.608657240000E+08
 -0.149959216013E+35
 -0.409062176943E+00
 -0.776577853243E-33
 -0.500068219730E-14
  0.330322387945E+35
  0.108383589050E+19
  0.611451904297E+04
  0.323931741714E+01
 -0.625455078398E+20
  0.233792293500E-31
  0.151131829274E-09
 -0.134852215376E-17
                 NaN
  0.119513114683E-10
  0.870572745800E+00
  0.178670709827E+35
  0.171279878888E-19
 -0.430704600298E+21
 -0.166566809851E-13
  0.167045727198E+23
  0.391928948063E-12
  0.281685241139E+29
  0.282843160018E+17
                 NaN
  0.317034026209E+33
 -0.862356558042E+36
  0.878704251430E-33
 -0.218389917246E+17
  0.365690310622E+20
 -0.127314654502E+26
  0.135415866971E-01
  0.331423406864E+36
 -0.109558722234E-22
  0.436116968628E+23
 -0.562808040172E-07
  0.246835968728E-28
 -0.350799348530E+32
 -0.104939973378E-09
 -0.262700280569E-15
  0.932914550781E+03
  0.217951245877E-35
  0.735379760901E-33
 -0.211819156954E+31
 -0.441080703190E+30
  0.745344295865E-04
 -0.597874062162E-19
  0.254200006431E+24
  0.228666037597E-34
  0.342561912007E+38
 -0.433151203794E-08
  0.140016718750E+06
 -0.380130649180E-10
  0.349083762785E-06
  0.334897496947E+25
  0.215778981021E+27
 -0.199333793915E-08
  0.740396845289E+22
 -0.126522463617E-07
 -0.840628795838E-15
  0.220348085264E-30
  0.201763396612E+32
  0.151930542274E+28
  0.748319836464E-36
  0.215188338188E-04
  0.186645792487E+18
  0.434247974177E+35
 -0.994874607264E-17
  0.266850335038E-16
  0.227497348203E-23
  0.980144342529E-29
  0.185405100390E-29
 -0.106354881499E-10
  0.334667379419E-29
  0.595601835793E-18
 -0.239743637914E+13
  0.301844066836E-24
 -0.294976460800E+10
 -0.116566781078E-23
  0.162710589295E+29
 -0.208076047206E+18
  0.147255891668E+39
  0.763316771226E+13
 -0.786028832942E-25
  0.235627793722E-28
 -0.177907269927E+38
  0.320272705527E-35
  0.280438009498E+35
 -0.580197137508E-17
  0.571397497553E-37
  0.783134590160E+30
  0.935310439033E-32
  0.274563718495E-30
  0.719215956203E-27
 -0.395696112140E-25
 -0.366051781110E-36
 -0.344341318267E-36
 -0.110896695846E+34
 -0.272218225291E-03
 -0.476286858320E-01
  0.972176297798E-10
  0.131711041892E+30
  0.297867738580E-15
  0.919456955017E-09
  0.252422134293E+18
  0.202467770688E-19
 -0.363355500000E+06
  0.338969731653E+19
 -0.504296963300E-06
 -0.107076836614E-36
  0.252309988251E-30
 -0.413561302383E+25
  0.112617052527E+38
  0.501597206585E-24
  0.276232909890E+21
 -0.197568341684E+20
  0.174951772160E+11
  0.191985542625E+29
  0.430896401893E-09
 -0.143039627075E+03
  0.228312252347E+27
 -0.208498829022E+37
 -0.689166432026E-37
 -0.152053378027E-12
  0.453891944885E+01
 -0.229432742891E-29
 -0.850961613886E-38
 -0.415034685284E-02
 -0.210015875000E+07
  0.173268119852E-06
 -0.250614708976E+18
 -0.600304787233E+16
 -0.516640218750E+06
  0.791925196800E+10
  0.226437062025E+00
  0.177185661482E+33
 -0.149265497384E-05
  0.313304700168E+17
 -0.250819796451E-15
  0.374847393927E+18
 -0.154187167705E+17
 -0.443814457180E-37
  0.322427780154E-27
 -0.136168222720E+11
  0.361545789583E-16
 -0.444436818709E-23
  0.194763500000E+08
 -0.162867376188E+33
 -0.327757065932E-08
  0.615544730419E+13
  0.140814770955E-08
  0.151004723739E-02
  0.236595415975E+28
 -0.403067532505E+29
 -0.216100201942E-02
  0.548582057923E-24
 -0.657052150006E+14
 -0.525952836698E+16
 -0.392589299736E-06
  0.106454568027E+22
 -0.599046897157E-11
  0.105119205048E+37
 -0.297730203438E-26
  0.215151979994E-32
 -0.197471871517E-28
  0.481862695947E+32
 -0.143297399902E+04
  0.309825536000E+09
  0.321362757296E+36
 -0.562689716791E-38
  0.159654853633E-03
  0.878369728102E+13
 -0.655380461012E-08
  0.114929283332E-23
 -0.693335430697E-03
  0.500457539062E+05
  0.174633387360E-04
  0.940847365363E+31
 -0.486641350455E-21
  0.578778865112E-11
  0.176987302400E+10
  0.780564127490E-02
 -0.133336736948E-15
 -0.384329216059E+16
  0.576027069733E+21
  0.944905354478E+15
 -0.308098903025E+27
  0.199570854420E-05
 -0.200223660331E+32
 -0.989705063629E+13
  0.876078269007E+21
  0.646184972695E+36
 -0.241486818516E-17
  0.828275722136E-19
 -0.835328670435E+18
 -0.264615148306E+00
  0.924395494341E+29
  0.597005193708E+14
  0.462470392544E+36
 -0.376234000498E+23
  0.670268968687E+28
  0.594295596850E+36
  0.320444563424E-26
  0.623023789062E+05
 -0.321102095768E-02
  0.819962965400E-17
 -0.209763220682E-09
  0.295187030190E-21
 -0.109843171671E-23
 -0.933084811550E-04
  0.474413659236E+29
 -0.901635012052E-29
 -0.583061240000E+08
  0.752091472651E-16
 -0.270549254111E-07
  0.348432584161E+36
  0.424792943932E-06
  0.944216829964E-25
 -0.432552857005E-31
 -0.244571301410E-25
 -0.189430324729E-25
  0.169313310751E-22
 -0.396949179357E-15
 -0.968359616000E+09
 -0.121484419323E-14
 -0.432163402639E+19
  0.338194665294E+34
 -0.178552158177E-01
  0.314183439573E+31
 -0.354633815910E-19
  0.187045358719E+34
  0.782072367607E+27
  0.496659140481E-06
  0.396873920663E+34
  0.118808257757E+16
 -0.408128575306E+28
 -0.883374401581E+23
  0.592118803085E+36
 -0.272068261332E+26
  0.217989604282E+34
 -0.217584731612E-16
  0.215527310232E+31
 -0.105479514131E+38
  0.806600367798E+23
  0.450931458048E+12
 -0.673973268885E+17
 -0.201628053120E-19
  0.143692865968E+00
  0.436426660067E-33
  0.468247617391E-05
  0.213395208120E+00
 -0.290738597641E-06
 -0.165032744224E+39
  0.116539934347E+27
  0.790723563590E-23
 -0.249633996748E+29
  0.289072236986E+16
 -0.473582684180E-08
  0.731881533156E-08
 -0.166608703742E-36
 -0.153273014032E-30
  0.349782214921E-30
 -0.184208087442E+24
 -0.910797214601E-03
  0.289064789857E-15
 -0.736171040000E+08
  0.434369422285E+34
 -0.382827185377E+37
  0.464311428368E-01
 -0.716269913668E+23
 -0.104213123714E-15
  0.310621094198E-37
  0.135937769625E+39
  0.228822047809E-26
 -0.993314421942E+33
 -0.679435724390E+13
  0.179517218458E-30
 -0.147632288281E-02
 -0.640290998190E+14
 -0.577312312089E-04
  0.455834932509E+22
 -0.815081787096E-37
 -0.957404695835E-30
  0.731243154917E-08
  0.130106363133E+24
 -0.216905470555E+31
 -0.162840835401E-03
 -0.384867578125E+04
  0.662955827200E+11
  0.116221542358E+02
 -0.567506374919E-32
  0.129303633772E-10
  0.144059844898E-31
 -0.106491559724E-29
 -0.748487064742E-32
  0.121194430429E+34
  0.269341467607E+14
  0.172415292786E+31
 -0.249707161400E+24
  0.377893871944E+14
  0.980250726400E+10
  0.368783717827E+14
 -0.277963033116E+33
  0.427668941927E-10
  0.204645093618E-04
  0.199043427230E-21
 -0.161347789838E+22
 -0.839151129723E+14
 -0.273240448727E-37
  0.122892679106E-11
  0.417201223085E-26
 -0.578254897582E+17
 -0.407427888261E-18
 -0.290675660625E-10
  0.551858794803E+19
  0.182407324409E-33
  0.311430039239E+30
  0.546697216797E+04
 -0.189145748372E+33
  0.519937198628E-14
 -0.691245214555E+32
  0.595094531250E+04
  0.563401771837E-27
  0.192699462787E-04
  0.109259675517E+21
 -0.648975813547E+21
 -0.441212805120E+11
  0.409879422381E-31
 -0.229927028528E-07
  0.250946376658E+20
 -0.685937705045E+26
  0.248194780700E-11
 -0.184229200317E+24
 -0.414342164675E-25
  0.338020457707E-13
 -0.169231305801E+21
 -0.375336065190E-03
  0.298960856162E-02
 -0.291022021315E-21
 -0.440672465629E-05
  0.988471363734E+26
  0.149686779904E+13
 -0.395692676387E+24
 -0.176442854667E-25
  0.270410977412E-18
 -0.110555410385E+00
 -0.119131602450E+25
 -0.334762616113E-25
 -0.207886763082E-22
 -0.457120077044E-04
 -0.718788519445E-17
  0.236553756013E-29
 -0.446159896661E-20
  0.512033565467E-29
 -0.319673764094E+32
  0.366387890625E+04
 -0.301962399432E-29
  0.304778886573E-07
 -0.175276603938E-25
 -0.136953181142E+23
  0.266268253326E-01
  0.317055841489E+21
  0.369152356078E+21
  0.270686518888E-05
 -0.118110784596E+17
  0.150853003792E-35
 -0.676216006318E+18
  0.451922641684E-17
  0.572260700000E+07
  0.962909423828E+03
  0.182091923762E-05
 -0.142411307822E-19
 -0.361148226741E-20
 -0.229326332955E+22
  0.587932558365E-17
 -0.158236708984E+05
  0.101380841339E-24
 -0.554601920000E+08
  0.244824693576E+33
  0.947910075212E+38
 -0.258806303683E+37
  0.158940048218E+02
 -0.450135869766E-28
 -0.123258516824E+21
  0.155384385282E-33
  0.536969667945E-25
 -0.640337662612E+31
  0.430702395346E-37
 -0.461007400915E-19
 -0.295279457583E-26
  0.153505258839E-33
  0.169058441162E+03
  0.830416101962E-02
 -0.295828159161E-35
 -0.134197273218E+16
 -0.277601692404E-21
  0.390795352647E-15
 -0.276930492427E-10
  0.910329669714E-01
  0.600986335946E+36
  0.459657490253E+00
 -0.442805213994E+25
  0.114964129547E-34
  0.809445104096E-03
  0.490171487399E-06
 -0.523840571987E-05
 -0.996509067068E-30
 -0.680754950000E+07
 -0.139732169076E-21
  0.318915515253E+15
 -0.107781045742E-18
  0.260841953821E+16
 -0.476745382018E+23
  0.704374194574E+28
  0.211837735928E+15
  0.657563138337E-36
 -0.125815484938E-23
 -0.768985772378E+36
  0.127298398660E+38
  0.418995689051E-27
 -0.442277896521E+25
  0.314757005182E-10
  0.206835530195E-21
  0.242012450793E-35
 -0.130344933496E-04
 -0.414439647045E-07
 -0.263869258120E-25
 -0.752092968750E+04
  0.165435016954E-34
 -0.838117976624E+22
  0.401887550000E+07
 -0.345273742714E-34
 -0.159687312655E+22
 -0.319986974271E-21
  0.118699536995E+21
  0.131785977166E+21
 -0.173569674767E-20
 -0.104946616000E+09
 -0.202172270098E+38
  0.788848705536E+13
  0.251082505481E-10
  0.170677977124E+24
 -0.179955212007E+31
 -0.108389049083E-15
 -0.548522949284E-09
  0.118481689201E+31
 -0.294130019585E-17
 -0.491468879823E+15
  0.449077371741E-03
 -0.282949743028E-17
 -0.196156537403E+29
 -0.716129011341E-32
 -0.642068065382E-09
  0.525684224000E+10
 -0.602393502119E-36
 -0.360429159200E-22
  0.539658069611E-01
  0.653183519063E-22
  0.677869200000E+08
 -0.537955176494E+16
  0.667660333608E+22
  0.132704465690E+27
  0.139968599816E+27
 -0.257353877162E+37
  0.165206256497E-05
 -0.176473890625E+06
  0.145807255822E-19
  0.748455145319E-18
  0.855159650596E-33
 -0.175659331790E-36
  0.472298816000E+09
  0.809070721152E-37
 -0.128405144295E-07
  0.256975967316E-29
  0.514620392671E-16
  0.175512752000E+09
 -0.312204903380E-36
 -0.884390449762E-09
 -0.119766889839E-03
  0.844678359111E+29
  0.467143720000E+08
  0.321900634766E+02
  0.793279590367E-28
  0.409856983040E+11
 -0.126880875886E+18
  0.437063561698E-37
  0.390898803711E+04
  0.815022408657E+18
 -0.283166286318E-34
 -0.222975790609E-09
  0.134051840000E+09
 -0.932685457481E-22
 -0.227049264090E+39
  0.275046442188E-38
  0.123573866093E+31
  0.226790077366E+15
  0.157627041376E+35
  0.280848463306E-28
  0.307780083147E+37
 -0.621310807765E-02
 -0.276687348184E+28
 -0.137880916540E-37
 -0.109451691636E+16
 -0.403471669415E-03
 -0.103293862806E+15
 -0.451386486015E+31
  0.169246484070E+13
 -0.115414171479E-24
  0.263156098302E-31
 -0.297036773192E+32
  0.374467635993E-03
 -0.394064409049E+17
  0.780055823270E-03
  0.615824713740E-29
 -0.120136912077E+13
 -0.253406087722E-04
 -0.375445806184E-25
 -0.240148260435E-12
 -0.886709956903E+15
 -0.102742516334E-23
  0.171956075000E+07
 -0.155572829165E+30
  0.613157028474E-14
 -0.290438563107E+24
 -0.598732234656E+22
 -0.112787199760E+37
  0.136269178864E+15
  0.512000313083E-29
 -0.841334560068E+23
 -0.639541684321E-23
 -0.569303705600E+10
 -0.813869860364E-15
  0.643353304118E+26
 -0.289713287354E+03
 -0.112610132812E+06
 -0.753026100720E-34
 -0.650976104813E-23
 -0.492295874205E-12
 -0.700026013081E+19
  0.950471595178E+20
  0.704483517358E+28
  0.122094060798E+32
  0.452647858765E-03
 -0.190779418497E+27
  0.562493513055E-30
  0.178406735872E+12
  0.780350208000E+10
 -0.168989000566E-20
 -0.111501858575E-27
  0.197839297736E+36
 -0.123912200232E-23
  0.316481520428E+28
 -0.136986960000E+09
 -0.609832618973E-13
 -0.922957862636E+36
 -0.209626527752E-18
 -0.123447405076E-09
  0.332746153001E+14
 -0.443020263672E+03
  0.160025493239E-36
  0.406721412105E-08
 -0.282909237617E-32
 -0.852941687387E+23
 -0.996133493438E-18
 -0.368626567611E+30
 -0.280215555687E+31
 -0.226790342850E+35
 -0.129309013413E-34
  0.553910806120E-37
 -0.370026720000E+09
 -0.981399295163E-09
 -0.213149712309E+37
  0.274158667990E-09
 -0.538287576626E+27
 -0.175219478607E+02
 -0.143164316406E+05
  0.600207373500E-01
  0.202513400000E+07
  0.980896240234E+03
 -0.817546310928E-33
  0.108943502710E-03
  0.620274125000E+06
  0.119657011237E-02
 -0.593814385684E-12
 -0.318605743814E-04
 -0.489312509643E-35
 -0.459544971442E-19
  0.146620229899E+17
  0.269352771477E+27
 -0.924951978007E+29
  0.257752738685E-30
  0.373215392254E+17
 -0.605868095546E+34
 -0.659951353073E+01
  0.788500735893E-36
  0.202360349692E-24
 -0.585761008599E-36
  0.250320575000E+07
  0.117659784138E-07
 -0.997170168660E-08
 -0.887190915931E+18
  0.349915133803E-27
 -0.111549469661E-08
 -0.126689792523E-05
  0.534440510455E+25
  0.649789649698E-31
 -0.169718961107E-09
  0.331707387523E+33
 -0.481135875000E+06
  0.188908648491E+01
 -0.683021760000E+09
  0.604510386193E-09
  0.507219574480E+17
  0.191301675110E+34
 -0.362899081665E-04
  0.637697163450E+26
 -0.129302836041E-35
  0.188427625854E+36
 -0.148858189583E+00
 -0.202968400000E+07
  0.913637686482E-37
 -0.166091494306E+33
  0.330056769014E-17
  0.171978212893E-02
 -0.183837457518E+22
  0.158907462820E-25
  0.130179543859E+13
 -0.207111595959E+22
 -0.171123443606E-21
 -0.296044334880E-10
 -0.440552996246E+24
  0.525112953120E-09
  0.454137870335E+24
 -0.135884873831E+22
 -0.655337722921E-26
  0.332023628533E-21
 -0.111869098619E-01
 -0.201538650048E+34
  0.760947505824E-24
 -0.951088423795E-31
 -0.316825152572E-36
  0.419110338560E+11
  0.166749012134E+32
 -0.546812421354E-32
  0.147435080973E+19
  0.323296470022E-17
 -0.122694395181E-29
 -0.192833488824E-36
  0.720827209473E+03
 -0.147829102093E-23
 -0.813804203078E+34
  0.104699008597E+23
 -0.295073950000E+07
  0.980876839199E+26
  0.240732828430E+21
  0.101743845601E+25
 -0.335749726632E-10
 -0.219480389418E-08
  0.224508999831E-35
 -0.326847029259E-12
 -0.323289363577E+38
  0.170967749671E+19
  0.776873263470E+27
  0.317026990303E+21
 -0.377922491734E-31
 -0.323376201346E-29
 -0.307550455073E-29
                 NaN
  0.734285006481E-30
  0.289114151001E+02
 -0.131130427122E+00
 -0.128077629340E-12
  0.499655553881E-18
 -0.194881224908E-28
  0.941425300000E+07
  0.703520937500E+05
  0.449994578958E-02
 -0.106241785973E+34
  0.367295948587E-25
 -0.409977108313E-29
 -0.214459973760E-12
  0.317510188318E-20
 -0.127513968640E+12
  0.939679252480E+11
 -0.911981818801E-23
  0.186860041329E-09
 -0.400581775466E-03
 -0.309884776088E+15
  0.135540564643E-24
  0.546349343555E-37
  0.580530739200E+10
  0.278796126154E-27
 -0.990101741379E+22
  0.201172203093E-20
 -0.900212526321E+00
  0.643162960000E+08
  0.943735500919E-32
 -0.132853283691E+04
 -0.665156803625E+14
 -0.563948875000E+06
  0.495889049127E+24
 -0.511593381821E+28
  0.128077577208E-16
 -0.141925712000E+09
 -0.296766210374E+21
  0.231875389148E-32
 -0.272303633392E-01
 -0.102503351895E-29
 -0.607401598245E-02
  0.246583828300E-38
  0.970189094543E+00
 -0.679713872156E-17
 -0.502322716756E-08
  0.600476549453E+32
 -0.321100827705E-06
  0.292620952634E-17
  0.164075589180E+01
 -0.908906352733E-26
 -0.248063632459E-29
  0.961384459884E+27
  0.959961474804E-38
  0.298631702246E-36
 -0.730286540800E+10
 -0.266256588879E-27
 -0.390532977690E-05
  0.186076397346E-10
  0.916342941169E+19
  0.432270315267E-26
 -0.128375387900E+33
  0.510533367452E-25
  0.125520658344E-25
 -0.626258210285E+31
  0.582835527894E-04
  0.658805069872E+28
 -0.554363418438E-18
 -0.242717507661E-30
 -0.102991676698E-28
 -0.573691607788E+25
  0.661374666273E+26
  0.101675348100E-12
  0.954169311523E+03
  0.838368521272E-07
 -0.338971813908E+22
  0.579001194288E+36
 -0.527629853655E+14
  0.586927244408E-17
  0.689313856000E+09
  0.493643293496E+20
  0.104474577440E-20
 -0.497820495937E-08
 -0.604386120172E+14
  0.183692383341E-22
 -0.127757526934E-02
 -0.722563727360E+11
  0.236794512606E+26
  0.422708084240E-34
 -0.227936747520E+12
  0.139503564256E-08
  0.122213572264E+00
 -0.158536160840E+25
 -0.116351828466E-34
  0.892100442191E-32
  0.176137658691E+04
 -0.135684832343E+27
  0.345059025475E+17
  0.247168857052E-24
  0.365201285879E-09
 -0.105322684560E+16
 -0.177261794033E+19
 -0.508581990400E+10
 -0.445692576939E-32
  0.791009665260E-27
 -0.517275644540E-08
  0.299399280548E+01
 -0.414512405396E+02
  0.109696409614E-33
 -0.796525826690E+22
 -0.313163624113E+38
  0.385866599090E-11
  0.959247300000E+07
  0.616849824281E-23
  0.640656909271E+14
 -0.618775447952E+38
 -0.774256700420E-11
 -0.110944747455E+20
 -0.137424934699E+20
  0.177436874083E-07
 -0.122784312500E+06
 -0.164462623551E-37
 -0.896427520545E-18
  0.472716088495E-09
 -0.808997222400E+10
  0.113101200125E+33
  0.243939628339E+25
 -0.348481536865E+03
 -0.157734972203E-33
 -0.152883177000E+31
 -0.115537514479E+33
 -0.181228367717E-28
 -0.637632056072E-15
 -0.553783320356E-03
  0.414542144480E+31
  0.581111380598E-04
 -0.182943793448E-08
  0.993380131800E+37
 -0.105205502475E-26
 -0.126155633926E+02
 -0.265295420832E-05
  0.243529357903E-25
  0.449202593678E-24
 -0.561425409265E-36
  0.630023512744E-13
 -0.176798742442E+17
  0.628856413385E-29
  0.367929131008E+12
  0.594136118889E+00
 -0.523292808793E-03
  0.785494356230E+25
  0.411646380138E-18
 -0.154277022363E-22
 -0.233957069160E+16
 -0.126582101892E-26
 -0.256885971727E-24
 -0.940822924406E-18
 -0.474452108406E-24
  0.126432078911E+35
  0.935194446843E+16
  0.243046036522E-19
  0.386043953896E+01
 -0.185435491278E+26
 -0.345343554688E+04
 -0.122417100800E+10
 -0.219958931862E-21
 -0.866822283880E-15
  0.154865009705E-07
 -0.456086136831E+19
  0.230296698800E-36
  0.489466269165E-12
  0.780285294743E+23
 -0.272420512978E+28
 -0.191441574212E-30
  0.331435422682E-24
 -0.221631790226E+32
 -0.450527769837E-36
 -0.377567190599E+32
  0.122516433199E+18
 -0.119063702863E-20
 -0.398996752930E+04
  0.136294811964E-01
  0.447992870773E+24
 -0.367827080706E+27
  0.289733661574E-23
 -0.145120620728E+01
  0.551021715310E+32
  0.594201719650E-05
 -0.225487442470E-35
 -0.256629899553E-07
 -0.806181236836E-18
 -0.699746473764E+34
 -0.143926468451E-26
  0.151180178310E+31
 -0.665285950000E+07
 -0.229011469541E+29
 -0.404961174354E-04
 -0.133004979753E+30
  0.408868454400E+10
  0.260926656405E-34
  0.337359271119E+38
 -0.161880218768E-30
 -0.509587158203E+04
  0.586198834617E+26
 -0.216716646400E+10
 -0.759070506319E-02
  0.194496989250E+00
 -0.208572857082E-02
  0.559914440833E-29
  0.148455126237E-05
  0.178908701760E+24
  0.227804986672E+39
  0.571439060982E+30
 -0.448852573575E-38
  0.647407479515E-22
 -0.254133878258E+36
 -0.841427210732E+14
  0.845384139610E-21
  0.834655989222E+21
  0.195118875000E+07
  0.461740616835E-31
  0.994815730287E+28
 -0.662495822174E+31
 -0.280256049479E-07
  0.100824519826E-32
 -0.918949294101E+32
 -0.240264433152E-32
  0.611950090388E-04
  0.318919022033E+33
 -0.300494039483E+37
 -0.284031139840E+11
 -0.477342010498E+03
 -0.889266357422E+03
 -0.166329708099E+02
  0.730325923828E-27
  0.748466930092E+37
 -0.210707763200E+11
 -0.103756480946E-12
  0.641291880710E-10
  0.116177900000E+07
 -0.276978851828E-35
                 NaN
 -0.359557227538E-14
  0.299372020000E+08
  0.632044889110E-14
  0.259886833344E+31
 -0.208684999473E-36
  0.689513541718E-31
  0.714549221873E-25
  0.109268902626E-22
  0.513321253948E-06
 -0.914893025698E-37
 -0.418365930973E-15
 -0.108364133510E-27
 -0.407514798797E+22
 -0.855512917042E-01
  0.112819332571E-03
 -0.209802166272E+13
 -0.104283283416E+19
 -0.113233443699E-03
 -0.140989882696E+14
  0.987038123972E+31
 -0.236959590838E-09
  0.387266386083E-36
  0.816088244495E-35
  0.478848122880E+12
  0.190457608551E-02
 -0.170338521071E+17
 -0.284015502229E-25
  0.191951554478E-11
  0.717878503946E-35
  0.272045254542E-33
  0.193131991040E+11
  0.985632338550E-13
  0.164709151606E+27
 -0.834459294530E+34
  0.139952685883E+30
 -0.173068996519E-01
 -0.191416434796E-32
  0.981005508620E+18
 -0.292796717862E-36
  0.938378088708E-17
 -0.512956266625E-36
  0.243876334696E-35
 -0.384169146419E-01
 -0.839452216997E+16
  0.144609109241E+29
  0.110099518825E+26
 -0.799214514922E-18
  0.133056837784E+37
 -0.549457739147E-31
 -0.316340265272E-04
 -0.173969184084E-24
 -0.190240997314E+03
 -0.547299246831E-25
 -0.768043089920E+11
  0.354513637722E-01
  0.102662683054E+28
  0.111616544937E+18
 -0.168190522717E+39
 -0.248301200867E+02
 -0.984958708286E-01
 -0.690805211136E+12
 -0.775759235966E+30
 -0.141745476635E+21
 -0.944077040000E+08
 -0.754696407218E-20
 -0.980916411208E-06
 -0.294950850560E+11
 -0.238554321186E-05
  0.158787826637E-10
  0.283611542969E+05
  0.175948017351E+24
  0.256302788949E-14
  0.490320987627E+27
  0.117891923714E+21
 -0.300004755902E+22
  0.464602374938E+17
 -0.102906429809E-16
  0.876619679624E-10
 -0.103167181580E+37
 -0.203394310240E-37
 -0.158988848800E+18
  0.421347375393E-11
 -0.727348281250E+05
 -0.227374275000E+07
 -0.349227750400E+10
 -0.142232343554E+00
 -0.211221543815E+19
  0.832403586060E-07
  0.709686722696E-22
  0.127200732203E+21
  0.582596198400E+10
 -0.151344039557E-30
  0.199826453876E+16
 -0.765936853834E-25
  0.519691277613E-22
  0.437936762788E-34
 -0.367243870869E-07
 -0.177282650717E-30
  0.608125927734E+04
  0.206090113437E-21
 -0.108479101562E+06
  0.548531388631E-04
 -0.296987950802E+00
  0.267991698637E+15
  0.104960175231E-01
  0.419196362077E-22
 -0.235162648576E+12
 -0.488654315473E+33
 -0.287442430968E-09
 -0.404189383201E-31
 -0.993092674068E-11
  0.127456708358E-29
  0.126356377600E+11
 -0.193171847840E+36
  0.348961473422E+22
  0.241198795855E-27
 -0.143988961354E-01
 -0.161383473434E+26
  0.197150862259E-12
  0.665242448449E-01
  0.406234480476E+37
 -0.199389721786E+24
 -0.725375814969E-09
 -0.137269817660E+18
 -0.545736651025E-36
  0.145757631463E-35
  0.111859976728E+37
  0.590333652496E+01
  0.967736669993E+26
  0.440370647269E+16
  0.180657019437E+33
  0.207391660163E-32
 -0.914195823794E-33
 -0.323867789192E+30
 -0.151673066074E-34
  0.117304705083E+00
  0.148846271457E+31
 -0.193756801451E-15
  0.147181532697E+26
  0.199129686962E-06
  0.423122900391E+04
 -0.456228151922E-25
 -0.108016073345E-16
  0.209849850408E-14
 -0.621513679414E+36
 -0.236248541587E+18
  0.186759233475E+00
 -0.132566627007E+26
 -0.140619682370E+30
 -0.302171584000E+09
  0.394656472927E-15
 -0.643500175249E+28
 -0.122868966400E+10
 -0.293154323039E-08
  0.213862341830E+25
  0.409986496320E+25
  0.840441628992E+27
  0.115721139436E+22
 -0.242361937500E+06
 -0.294799930411E+26
 -0.892070420116E+24
  0.161633850367E-37
  0.472972587452E-25
  0.172289585376E-09
 -0.599087378753E+16
 -0.233869990041E-08
  0.118972379195E+16
 -0.667897231492E-15
  0.113698347583E+34
  0.107576851169E+15
  0.124130912781E+03
  0.140940461013E-22
  0.534076796144E-20
 -0.356723828797E-29
 -0.170152816526E-21
 -0.116942659592E-31
  0.358706105230E-20
  0.380029632512E+12
 -0.876552441406E+04
 -0.236201095581E+02
 -0.906583607197E+00
  0.262638957930E-33
  0.300285573510E-25
 -0.104816309353E+25
  0.268912437752E+24
 -0.137686924800E+10
  0.175813645651E-25
  0.116737477947E-02
  0.287628784180E+03
 -0.312016020579E-32
 -0.206085565625E+24
 -0.954122400000E+08
  0.538044059520E-25
 -0.547245137068E+16
 -0.261935561895E+00
 -0.255716408569E+18
  0.360063308800E+10
  0.426362882287E-36
  0.174433083600E-24
 -0.135240929453E+22
  0.950662251268E+24
 -0.149229716742E-22
 -0.662090095572E+27
 -0.570329480330E+17
 -0.292433489112E-20
  0.903195823604E+36
  0.222860999666E+27
  0.111931537397E+24
  0.247129245191E-21
  0.420873737335E+01
  0.822448065207E-08
 -0.611707663745E+32
  0.144008987500E+07
 -0.418689111159E-10
 -0.186805999670E+38
  0.164890603628E-02
 -0.104301836146E+24
 -0.584886867407E-36
  0.346023978925E-28
  0.307408910610E-12
 -0.212819524329E+25
  0.850259624924E+21
  0.171564712591E+14
  0.658940646063E+27
 -0.391368669777E+33
  0.370793216554E+33
 -0.152899399610E-29
  0.116360460735E+30
  0.158279976548E-27
 -0.185261178017E+01
  0.870280196762E+29
  0.139221958626E+27
 -0.125877741084E-04
 -0.121920067737E+37
 -0.138504527622E+32
  0.557307657361E-33
 -0.981737307825E+20
 -0.745646041833E-31
 -0.537771563544E-26
  0.748555869557E+26
  0.108308175324E+24
 -0.183996375040E+11
 -0.225405819947E-03
  0.461079375184E+32
  0.179270834288E-09
  0.456898591247E-25
  0.214427991416E-34
  0.283847733729E-12
 -0.594745064829E-12
 -0.208766069263E-01
  0.449008937824E+18
 -0.299700109174E-08
 -0.288434558550E+26
  0.314818754937E+39
  0.299894313058E+15
  0.116964543519E-11
 -0.553681790829E+00
  0.129436166365E-27
 -0.533415455151E+24
 -0.249062709320E-16
 -0.249563677126E-32
  0.190004570626E-21
  0.236066439313E-28
 -0.262833373675E-33
  0.896497681455E-21
 -0.721338621503E-35
 -0.835368649255E-10
  0.585159645081E+02
  0.153488446882E-30
 -0.132072645822E-24
 -0.332327842712E+01
 -0.191562024391E-19
  0.524522070866E+24
 -0.111995781858E+27
 -0.301659014212E-06
 -0.116134625280E+11
  0.208591598511E+03
  0.270549964591E+24
 -0.257759495036E-14
 -0.181284773222E-33
 -0.189286718148E-24
  0.192485917217E+18
  0.161045699018E+20
 -0.356304223147E-18
 -0.119267916307E-01
 -0.123527725997E+37
 -0.784734993431E-06
 -0.744170782720E+11
 -0.243593502045E+01
  0.149356176095E-14
 -0.214554652841E+21
 -0.171886328933E+25
  0.330163746033E+16
 -0.937840044498E+00
  0.142978507644E-31
  0.101182126999E+01
 -0.675691428834E+31
 -0.107962961238E-06
  0.431774883840E+11
  0.298674512346E-31
  0.108982862401E+16
 -0.144058625087E-19
  0.586068498999E+31
 -0.260838546474E-22
  0.524231314659E+00
 -0.882950312500E+06
  0.127896862720E+11
 -0.608585918710E+14
  0.350476429562E-12
 -0.279384902961E+25
  0.616774768626E-33
  0.746658650000E+07
  0.922834679989E-19
  0.773848934400E+10
  0.388177799207E-19
  0.217832293870E-09
  0.404994422570E-02
  0.482209134460E-33
 -0.902836729880E+37
  0.335726482422E-12
  0.970804176181E-19
 -0.333015159796E-17
 -0.121529439639E-03
  0.227782960667E-31
 -0.735143979810E+26
  0.238144821196E-04
  0.111237180825E-16
  0.311655714426E-15
  0.112134445312E+06
 -0.124937902080E+11
  0.635249315996E-17
  0.630155868530E+02
 -0.100307879336E-06
 -0.187566481871E-33
  0.206600952523E-35
  0.253595510534E+39
  0.285796067963E+22
 -0.523439468566E+23
  0.293674435453E-30
  0.358397837957E-16
  0.337719964299E-13
  0.783482854081E+25
  0.107090912394E-24
  0.432107303504E-30
 -0.275699859619E+03
 -0.136010879357E+30
 -0.309487583247E-28
 -0.149400832015E-03
 -0.527650770299E-10
  0.118432793954E-17
 -0.509480764703E+14
  0.401419958014E+19
  0.421645043124E-21
 -0.123081093750E+05
  0.438358935547E+04
  0.223365902204E-22
  0.113632289867E-03
 -0.134817348384E+18
 -0.603500757584E-15
  0.817093343387E-26
 -0.131905354579E+33
  0.509109472187E-20
 -0.378108854165E+34
 -0.795404301785E+28
 -0.201320334697E-31
 -0.147731586964E-07
  0.254495281085E+30
 -0.991930362967E-22
  0.434767437257E+27
  0.110039519251E-15
 -0.354997056905E+22
  0.262560729980E+03
  0.551454772949E+03
 -0.241565235201E-31
 -0.226014540601E+22
  0.782420315204E-07
  0.417099048802E+19
  0.300644082031E+05
  0.186776672363E+04
  0.248159201045E-25
  0.570142939687E-01
 -0.184284913540E+01
 -0.110023038360E-04
  0.551681236039E-23
  0.114508421233E-37
  0.171377570297E+16
  0.826651750400E+10
  0.113769238105E-32
 -0.101853931530E-19
 -0.115840400000E+09
  0.128067101551E-35
 -0.102214963200E+11
 -0.593248370274E+23
  0.648987520830E+27
 -0.524339991071E+38
 -0.229447225379E-17
 -0.215463491567E+37
 -0.130778051318E-36
 -0.151668126777E-36
 -0.380550468750E+05
  0.120970369138E-10
  0.699051832034E+18
  0.227846454257E+35
  0.105238860000E+08
  0.113343406902E+29
  0.180084979220E-21
 -0.720059886667E-28
  0.551417275460E+28
  0.104926831113E-11
 -0.467516888211E-36
  0.131214609557E+18
  0.858707394560E+11
  0.143332349051E+14
 -0.407302311904E-18
  0.275611184527E-35
  0.135991279592E-20
  0.194603511083E-08
  0.703258450000E+07
 -0.423073535785E-02
  0.679556417080E-23
 -0.369233779904E-19
 -0.108820601562E+06
 -0.889286946398E-35
  0.550789621183E-36
 -0.724030937999E-02
  0.148325481798E+29
 -0.195517553854E-30
 -0.859203200731E-25
  0.125086105600E+12
 -0.140155589070E-34
 -0.666641764013E-08
  0.355501954201E-25
 -0.412208641053E-24
  0.478236906929E-03
 -0.337886780500E+00
  0.196148240369E-32
 -0.141920601923E-16
  0.544204323633E-24
  0.122168921600E+10
  0.702287589714E-17
  0.607030534744E+01
 -0.110431772504E+21
  0.193381958008E+03
 -0.105241158047E-37
 -0.442085325718E+00
  0.298053728000E+09
  0.231480636597E+02
 -0.874281835672E+29
  0.560296997070E+03
  0.902158295118E-31
 -0.105529340287E+27
  0.598170263402E-04
 -0.146912433146E+37
 -0.119707210938E+06
  0.478764718537E-06
 -0.992082644800E-26
 -0.322843410883E-29
 -0.295505695343E+15
  0.382954855595E+29
 -0.500384146562E-06
 -0.425678909396E-24
 -0.820399638122E+34
 -0.131904764888E-08
  0.116725968219E-13
  0.304167041855E+32
  0.618303422784E-13
 -0.161716685867E-25
 -0.266900002270E-15
  0.276103353500E+01
 -0.962018614580E-36
  0.638146843812E-06
 -0.328794944000E+09
 -0.603929570312E+05
 -0.136698745454E+33
  0.553727528239E-12
  0.122855339050E+03
  0.171003974347E+38
  0.243028097202E-06
  0.141863078116E-29
 -0.540583400000E+07
 -0.602576901363E+23
  0.351746470979E+28
  0.661314669317E-25
  0.296343147056E-03
  0.133703214411E-21
 -0.116552546875E+06
 -0.253127450387E+19
 -0.610952453773E-37
  0.773350009695E-02
  0.515837720000E+08
  0.383656601562E+05
  0.668640573592E+25
 -0.678602764056E-27
  0.158939744768E-36
  0.371116552081E-22
 -0.960422351500E+26
 -0.781905830401E+25
 -0.614973888000E+09
  0.195216709058E-16
 -0.621386026608E+27
 -0.745047040431E-21
 -0.257904217944E-37
 -0.280955386926E-33
 -0.826268518400E+10
  0.972406895468E-31
  0.136763446790E-06
 -0.695769091027E-33
 -0.263309211732E-04
  0.444264244838E+13
 -0.206790649394E+18
  0.358384257066E-35
  0.121701798162E+18
 -0.187202612421E-21
 -0.755005598653E+37
 -0.260283795977E+16
  0.837394995610E+13
  0.116222320325E+25
  0.149842060637E-02
  0.441799861426E+32
  0.200379843591E-03
  0.624205511832E-16
 -0.955273416722E+31
  0.528260642072E-21
 -0.265902300000E+07
 -0.592008775013E+27
  0.226102498428E+27
  0.627610099139E+30
  0.960548959483E-06
  0.214544450050E-13
 -0.434688994323E+28
 -0.134103642777E-01
 -0.276925730747E-20
 -0.131457202078E+23
 -0.922634380907E-34
 -0.931304313554E+27
  0.249235528049E-10
  0.577683093329E-22
 -0.430458225989E-30
 -0.805265980875E-20
  0.237856345731E-09
 -0.134995108373E-31
 -0.364939062705E+21
  0.416586058463E-31
  0.738528381409E+19
 -0.101831013350E+34
  0.218621255348E+27
 -0.383176200000E+08
 -0.133711721081E-15
 -0.421536714016E+21
  0.366572505683E-08
 -0.249790557861E+03
 -0.169794410467E-01
  0.125968485643E-09
 -0.450166552753E-20
  0.127019977869E-09
  0.448436185726E-23
  0.149098012500E+07
 -0.680075958371E-02
  0.309875035210E+35
  0.137868282429E+15
 -0.200792665600E+10
 -0.239360930562E-30
  0.735874009315E-20
 -0.962746143341E-01
  0.369402692057E-29
  0.514330328332E-35
 -0.516051804160E+11
  0.450929541165E-35
  0.108986011471E+19
  0.238719222168E-08
 -0.359985278919E-02
  0.106664051754E-34
 -0.112362270782E-23
 -0.962299970044E-16
  0.259578494204E-26
  0.234314084999E+28
 -0.213969307135E-16
  0.290746677305E-23
 -0.101373915519E+18
  0.248398412393E+21
  0.535162919541E+27
 -0.143800947653E+21
  0.140602588482E-37
  0.737107441300E+16
 -0.165104871996E-07
  0.101777799767E-26
  0.140938542542E+36
                 NaN
 -0.104352272853E-29
  0.131305160353E+17
  0.296118663444E-11
 -0.234248339456E+12
  0.238828319380E+35
 -0.174293392000E+09
  0.113024755200E+10
 -0.594977100263E-04
 -0.128752049022E-07
 -0.502181989174E-23
 -0.900220747195E+19
  0.259494937500E+06
  0.403622120000E+08
  0.768514779435E-28
  0.168119721153E-28
  0.910053360000E+08
  0.334071507677E-02
 -0.133609505681E-07
  0.183564559084E+25
 -0.479098031064E-03
  0.637911632546E+19
 -0.363225693057E-28
  0.188837821722E-14
 -0.156446411496E-29
 -0.106398502906E+28
 -0.660012299449E+37
  0.288295914725E-17
  0.204099599648E-22
  0.564748645180E-19
  0.631676302723E-14
 -0.648642360920E+38
 -0.156839143483E-24
 -0.730941654183E-03
  0.102170806623E+38
 -0.294821269041E-36
  0.379057020223E+17
  0.791474151611E+02
 -0.549197320520E+33
  0.517239081054E-15
  0.268072596372E-28
  0.100613023408E+17
  0.335523747674E-09
  0.866614053833E-35
 -0.370705102182E-28
  0.263255467983E-32
 -0.524770295834E-16
  0.766598220417E+28
 -0.453013143442E-06
 -0.728630049821E-22
  0.559998715650E+35
 -0.482762439578E-29
                 NaN
  0.336705937798E-06
  0.207198370467E-13
 -0.141582530819E+26
  0.117100692207E-12
  0.394782412800E+10
 -0.974892698115E+34
  0.543994904576E+12
 -0.484790094478E+22
  0.379000482936E+22
  0.101848260950E+35
 -0.603444016964E-14
 -0.563142060933E+14
 -0.128831229089E+39
  0.497074310303E+03
  0.804497460380E-31
  0.443977954098E-22
  0.172231292725E+02
  0.605629620253E+26
 -0.459791519861E-16
 -0.222268432551E-34
 -0.329956138738E+20
  0.955520521160E+31
 -0.325780677361E+19
 -0.377571012267E+22
 -0.119737199464E-15
  0.319860959003E+33
  0.239142438733E-20
 -0.141093590736E+29
 -0.161691787023E-30
 -0.122084575196E-04
 -0.936324922396E-29
  0.145443950419E+34
 -0.493769871315E+24
  0.983396016641E+23
  0.115539074384E+22
  0.856648272839E+15
  0.286531290590E-25
 -0.866950289234E-38
 -0.562721246413E+17
 -0.676121119564E+21
 -0.302995749238E-36
 -0.321990906250E+06
 -0.447445710149E-19
  0.389270671253E-09
  0.387468705818E-24
  0.228964412430E+22
 -0.330150329590E+03
  0.558005533383E+16
 -0.670524442359E+16
  0.240360388176E+30
 -0.284256422815E-23
  0.293072629924E+14
 -0.308544375002E-01
 -0.261449226713E-07
 -0.561847084428E-13
  0.227089336922E-34
  0.528537727298E+36
  0.426336189009E-34
  0.788387011789E-14
 -0.128705255043E+39
 -0.204419182309E-28
 -0.164421991139E-14
  0.633163388386E-08
  0.126186497374E-29
 -0.506478245945E+18
 -0.334365881892E+31
 -0.345717112081E-27
 -0.361150114259E-05
  0.121658421875E+06
  0.146025071388E+38
  0.140867848586E-05
  0.106002485437E+25
  0.126752201475E+23
 -0.513084960403E-04
 -0.271487501700E-35
  0.494010899722E-35
  0.615847842663E+19
  0.104895587637E+28
  0.183381061009E+15
  0.143471046875E+06
 -0.429895293464E-15
 -0.431583105874E-16
 -0.236544532476E+28
 -0.893908662647E-07
 -0.218561257169E+24
 -0.602306373192E-34
  0.132286163360E-12
  0.526995791006E-06
 -0.568048309674E+21
  0.462416216326E+37
 -0.279809737549E-04
 -0.204964944935E+39
 -0.162210871787E-27
 -0.560553242079E-30
  0.781559947427E-06
 -0.788549009341E-24
 -0.249155163259E+14
 -0.111178734058E+26
  0.211643390357E-01
 -0.381750428706E-34
 -0.871679424128E+32
  0.562996416000E+09
 -0.234022911422E-16
  0.152622529297E+05
 -0.226853559210E-18
 -0.628827773273E-13
  0.162373696000E+10
 -0.568632883662E+24
  0.114309083624E+30
  0.264568690909E-03
 -0.268617320160E-32
 -0.145232801359E+24
 -0.108366366476E-03
 -0.113906476562E+06
  0.125665867607E-23
  0.102211970055E+33
 -0.145611218262E+04
 -0.717570548096E-21
  0.243305690373E+31
  0.185951513600E+10
 -0.129980861483E-28
  0.112753046875E+05
  0.358810292589E-08
 -0.272168842160E-33
  0.463689808394E+21
  0.317183848486E-15
  0.955798161022E-14
  0.319166482609E-27
  0.251206220800E+10
 -0.212714200176E+34
  0.211594484278E-24
  0.135321627298E+35
 -0.109149043884E-31
  0.582488749507E+14
  0.686032867432E+01
  0.136350536195E-06
  0.951415775544E+23
  0.384470081329E+01
 -0.228678720404E-08
 -0.177901333676E-18
 -0.496293070909E+34
  0.344157880000E+08
 -0.827620325495E-37
 -0.125618067160E-14
 -0.523120033803E+31
  0.230589096236E-25
  0.242688457821E+34
  0.700619889187E+38
 -0.303868146148E-03
  0.918592962432E-18
 -0.926879643561E+18
 -0.763031967169E+30
 -0.835644825600E+10
  0.223181815818E-02
  0.963400715828E-19
  0.299623785151E+23
 -0.548028461635E-01
 -0.303180140399E+38
  0.577791791173E+23
 -0.725114150555E-04
 -0.167737468726E+28
  0.408166678900E+26
 -0.186509939872E+39
 -0.843435946803E+14
 -0.941710105785E-34
  0.492464988925E+34
 -0.891609353517E+34
  0.201702685547E+04
 -0.179956226305E+18
 -0.300686825496E+30
  0.167660774153E-08
  0.109316910193E+16
  0.405064058676E+38
 -0.127961799585E-26
 -0.790191018108E-20
 -0.163047329651E+36
  0.804519920178E+36
 -0.874929843209E-37
 -0.324199065600E+10
 -0.245795098331E+32
 -0.478679251121E-22
 -0.277813449059E+20
  0.396936579742E-13
  0.591467623586E+16
  0.243498176929E-35
 -0.357836087619E+38
 -0.263428275752E+16
 -0.365232932381E-02
  0.223806521344E+12
 -0.582845403885E-12
  0.687504670407E+34
  0.227057296753E+03
  0.790721046981E+32
 -0.942934000000E+08
  0.475323164062E+05
  0.854690654493E-16
  0.173389952000E+10
 -0.147142018636E-32
 -0.602234859522E+32
 -0.747516196733E-27
 -0.230513348444E+14
  0.552394656579E+34
  0.104137479866E-04
 -0.881571325745E+19
  0.960131920394E-14
  0.694138758526E+26
  0.307232588530E-01
  0.157093357975E+27
 -0.381679551248E+31
  0.167631140656E+25
  0.351712760000E+08
 -0.295136698390E-17
 -0.418417812500E+05
 -0.107155985865E-31
  0.449668277060E-14
 -0.238448228515E-22
  0.733580867113E-35
  0.386992955043E-13
 -0.111295513655E+21
 -0.105404402361E-19
 -0.190955843708E+18
  0.408316579511E-36
 -0.154230205708E+36
 -0.518473273541E+32
  0.245835966239E+23
  0.560445920715E+32
 -0.151560683534E-32
 -0.169288936574E-14
 -0.142910168931E+24
  0.151235064649E+38
  0.273840727871E-08
  0.374494441805E-13
 -0.388295920857E-04
 -0.957525144547E-26
  0.264456497193E-33
  0.713506706092E-37
 -0.396571018419E-29
  0.503763949382E-04
  0.652446146597E+34
 -0.641015917969E+04
  0.118337013078E-06
  0.548686012412E-32
 -0.535131042601E+21
 -0.291985616637E-26
  0.442525878906E+03
 -0.277808184634E-20
 -0.919823910328E-26
  0.236736738574E-24
 -0.229336819757E-06
  0.114487304226E-35
  0.809485141685E-31
 -0.861570634714E-12
 -0.744260344412E-19
  0.369603802798E+31
  0.390356621772E-29
  0.352687376339E+33
 -0.482724250911E+14
 -0.181820960111E-25
 -0.806779052734E+03
 -0.114336656407E-01
  0.176771166833E-37
 -0.509471194034E+23
 -0.193305121132E-15
 -0.118176812574E-16
  0.857489480399E-32
  0.565073018880E+11
  0.136790856420E-10
  0.574529052098E-36
  0.733421259638E-23
 -0.772914130599E+33
 -0.222992268004E-38
 -0.201057744130E-12
 -0.499027426673E+14
 -0.196343968700E-28
 -0.618743247765E+22
 -0.259751595877E-05
 -0.181985900873E+36
 -0.662406434199E+32
  0.512185344000E+09
 -0.181723050278E-19
 -0.417865594500E-04
  0.150109643866E+17
 -0.574746760803E+37
  0.171058421760E+11
  0.471271236347E-25
 -0.219610805440E+21
 -0.102765072845E+23
  0.938611001948E-22
 -0.227544876261E+18
  0.580508384702E+30
                 NaN
 -0.140654897797E+38
  0.140163810000E+08
 -0.236956267493E+25
 -0.206220234375E+06
  0.210779633599E+21
 -0.336880808755E+13
 -0.275245846960E-36
 -0.530140510241E+33
  0.613749649985E-34
  0.195999290435E-27
 -0.738362726964E+23
 -0.497383669241E-16
  0.277576747543E-34
