 -0.200000000000E+01
  0.100000000000E+01
  0.500000000000E+01
  0.700000000000E+01
 -0.100000000000E+01
  0.000000000000E+00
  0.000000000000E+00
 -0.000000000000E+00
  0.140129846432E-44
 -0.140129846432E-44
  0.117549435082E-37
 -0.117549435082E-37
  0.999999935046E-38
  0.340282346639E+39
 -0.340282346639E+39
  0.100000000000E+01
 -0.100000000000E+01
  0.100000001490E+00
  0.167772180000E+08
 -0.167772180000E+08
                 NaN
                 NaN
            Infinity
           -Infinity
  0.999999940395E+00
  0.100000011921E+01
  0.333333343267E+00
 -0.333333343267E+00
  0.117549449095E-37
  0.117549421069E-37
