12000 3000 0.09 60 4 generated 72
12000 3000 0.09 60 4 generated 36
12000 3000 0.103 50 4 generated 72
12000 3000 0.103 50 4 generated 36
12000 3000 0.103 60 4 generated 72
12000 3000 0.103 60 4 generated 36
12000 3000 0.108 50 4 generated 72
12000 3000 0.108 50 4 generated 36
12000 3000 0.108 60 4 generated 72
12000 3000 0.108 60 4 generated 36
12000 3000 0.15 60 4 generated 72
12000 3000 0.15 60 4 generated 36
12000 3000 0.2 50 4 generated 72
12000 3000 0.2 50 4 generated 36
12000 3000 0.25 60 4 generated 72
12000 3000 0.25 60 4 generated 36
12000 4500 0.09 40 4 generated 72
12000 4500 0.09 40 4 generated 36
12000 4500 0.09 50 4 generated 72
12000 4500 0.09 50 4 generated 36
12000 4500 0.09 60 4 generated 72
12000 4500 0.09 60 4 generated 36
12000 4500 0.1 40 4 generated 72
12000 4500 0.1 40 4 generated 36
12000 4500 0.1 50 4 generated 72
12000 4500 0.1 50 4 generated 36
12000 4500 0.1 60 4 generated 72
12000 4500 0.1 60 4 generated 36
12000 4500 0.103 30 4 generated 72
12000 4500 0.103 30 4 generated 36
12000 4500 0.103 40 4 generated 72
12000 4500 0.103 40 4 generated 36
12000 4500 0.103 50 4 generated 72
12000 4500 0.103 50 4 generated 36
12000 4500 0.105 30 4 generated 72
12000 4500 0.105 30 4 generated 36
12000 4500 0.105 40 4 generated 72
12000 4500 0.105 40 4 generated 36
12000 4500 0.105 60 4 generated 72
12000 4500 0.105 60 4 generated 36
12000 4500 0.108 50 4 generated 72
12000 4500 0.108 50 4 generated 36
12000 4500 0.108 60 4 generated 72
12000 4500 0.108 60 4 generated 36
12000 4500 0.11 30 4 generated 72
12000 4500 0.11 30 4 generated 36
12000 4500 0.11 50 4 generated 72
12000 4500 0.11 50 4 generated 36
12000 4500 0.11 60 4 generated 72
12000 4500 0.11 60 4 generated 36
12000 4500 0.15 20 4 generated 72
12000 4500 0.15 20 4 generated 36
12000 4500 0.15 30 4 generated 72
12000 4500 0.15 30 4 generated 36
12000 4500 0.15 50 4 generated 72
12000 4500 0.15 50 4 generated 36
12000 4500 0.15 60 4 generated 72
12000 4500 0.15 60 4 generated 36
12000 4500 0.25 30 4 generated 72
12000 4500 0.25 30 4 generated 36
12000 4500 0.25 40 4 generated 72
12000 4500 0.25 40 4 generated 36
12000 4500 0.25 50 4 generated 72
12000 4500 0.25 50 4 generated 36
12000 4500 0.3 40 4 generated 72
12000 4500 0.3 40 4 generated 36
12000 4500 0.35 30 4 generated 72
12000 4500 0.35 30 4 generated 36
12000 4500 0.4 30 4 generated 72
12000 4500 0.4 30 4 generated 36
12000 4500 0.4 50 4 generated 72
12000 4500 0.4 50 4 generated 36
2000 3000 0.09 40 4 generated 12
2000 3000 0.09 40 4 generated 6
2000 3000 0.095 40 4 generated 12
2000 3000 0.095 40 4 generated 6
2000 3000 0.1 40 4 generated 12
2000 3000 0.1 40 4 generated 6
2000 3000 0.15 40 4 generated 12
2000 3000 0.15 40 4 generated 6
2000 3000 0.2 40 4 generated 12
2000 3000 0.2 40 4 generated 6
2000 4500 0.09 40 4 generated 12
2000 4500 0.09 40 4 generated 6
2000 4500 0.09 50 4 generated 12
2000 4500 0.09 50 4 generated 6
2000 4500 0.095 50 4 generated 12
2000 4500 0.095 50 4 generated 6
2000 4500 0.1 40 4 generated 12
2000 4500 0.1 40 4 generated 6
2000 4500 0.1 50 4 generated 12
2000 4500 0.1 50 4 generated 6
2000 4500 0.15 50 4 generated 12
2000 4500 0.15 50 4 generated 6
2000 4500 0.2 60 4 generated 12
2000 4500 0.2 60 4 generated 6
3000 3000 0.09 40 4 generated 18
3000 3000 0.09 40 4 generated 9
3000 3000 0.095 40 4 generated 18
3000 3000 0.095 40 4 generated 9
3000 3000 0.1 40 4 generated 18
3000 3000 0.1 40 4 generated 9
3000 3000 0.35 60 4 generated 18
3000 3000 0.35 60 4 generated 9
3000 3000 0.4 60 4 generated 18
3000 3000 0.4 60 4 generated 9
3000 4500 0.09 50 4 generated 18
3000 4500 0.09 50 4 generated 9
3000 4500 0.095 50 4 generated 18
3000 4500 0.095 50 4 generated 9
3000 4500 0.1 50 4 generated 18
3000 4500 0.1 50 4 generated 9
3000 4500 0.15 60 4 generated 18
3000 4500 0.15 60 4 generated 9
3000 4500 0.3 60 4 generated 18
3000 4500 0.3 60 4 generated 9
3000 4500 0.35 40 4 generated 18
3000 4500 0.35 40 4 generated 9
3000 4500 0.35 50 4 generated 18
3000 4500 0.35 50 4 generated 9
3000 4500 0.4 40 4 generated 18
3000 4500 0.4 40 4 generated 9
3000 4500 0.4 50 4 generated 18
3000 4500 0.4 50 4 generated 9
12000 3000 0.15 50 4 ncar 72
12000 3000 0.15 50 4 ncar 36
12000 3000 0.15 60 4 ncar 72
12000 3000 0.15 60 4 ncar 36
12000 3000 0.2 50 4 ncar 72
12000 3000 0.2 50 4 ncar 36
12000 3000 0.2 60 4 ncar 72
12000 3000 0.2 60 4 ncar 36
12000 3000 0.25 60 4 ncar 72
12000 3000 0.25 60 4 ncar 36
12000 4500 0.1 40 4 ncar 72
12000 4500 0.1 40 4 ncar 36
12000 4500 0.1 60 4 ncar 72
12000 4500 0.1 60 4 ncar 36
12000 4500 0.105 50 4 ncar 72
12000 4500 0.105 50 4 ncar 36
12000 4500 0.105 60 4 ncar 72
12000 4500 0.105 60 4 ncar 36
12000 4500 0.108 50 4 ncar 72
12000 4500 0.108 50 4 ncar 36
12000 4500 0.11 60 4 ncar 72
12000 4500 0.11 60 4 ncar 36
12000 4500 0.15 30 4 ncar 72
12000 4500 0.15 30 4 ncar 36
12000 4500 0.15 50 4 ncar 72
12000 4500 0.15 50 4 ncar 36
12000 4500 0.2 30 4 ncar 72
12000 4500 0.2 30 4 ncar 36
12000 4500 0.2 60 4 ncar 72
12000 4500 0.2 60 4 ncar 36
12000 4500 0.25 20 4 ncar 72
12000 4500 0.25 20 4 ncar 36
12000 4500 0.25 30 4 ncar 72
12000 4500 0.25 30 4 ncar 36
12000 4500 0.25 40 4 ncar 72
12000 4500 0.25 40 4 ncar 36
12000 4500 0.25 50 4 ncar 72
12000 4500 0.25 50 4 ncar 36
12000 4500 0.25 60 4 ncar 72
12000 4500 0.25 60 4 ncar 36
12000 4500 0.3 20 4 ncar 72
12000 4500 0.3 20 4 ncar 36
12000 4500 0.3 30 4 ncar 72
12000 4500 0.3 30 4 ncar 36
12000 4500 0.3 40 4 ncar 72
12000 4500 0.3 40 4 ncar 36
12000 4500 0.3 50 4 ncar 72
12000 4500 0.3 50 4 ncar 36
12000 4500 0.35 30 4 ncar 72
12000 4500 0.35 30 4 ncar 36
12000 4500 0.35 40 4 ncar 72
12000 4500 0.35 40 4 ncar 36
12000 4500 0.35 50 4 ncar 72
12000 4500 0.35 50 4 ncar 36
12000 4500 0.4 30 4 ncar 72
12000 4500 0.4 30 4 ncar 36
12000 4500 0.4 40 4 ncar 72
12000 4500 0.4 40 4 ncar 36
12000 4500 0.4 60 4 ncar 72
12000 4500 0.4 60 4 ncar 36
2000 3000 0.09 40 4 ncar 12
2000 3000 0.09 40 4 ncar 6
2000 3000 0.095 30 4 ncar 12
2000 3000 0.095 30 4 ncar 6
2000 3000 0.095 40 4 ncar 12
2000 3000 0.095 40 4 ncar 6
2000 3000 0.1 30 4 ncar 12
2000 3000 0.1 30 4 ncar 6
2000 3000 0.1 40 4 ncar 12
2000 3000 0.1 40 4 ncar 6
2000 3000 0.15 40 4 ncar 12
2000 3000 0.15 40 4 ncar 6
2000 3000 0.2 40 4 ncar 12
2000 3000 0.2 40 4 ncar 6
2000 3000 0.25 40 4 ncar 12
2000 3000 0.25 40 4 ncar 6
2000 3000 0.25 50 4 ncar 12
2000 3000 0.25 50 4 ncar 6
2000 4500 0.09 40 4 ncar 12
2000 4500 0.09 40 4 ncar 6
2000 4500 0.095 40 4 ncar 12
2000 4500 0.095 40 4 ncar 6
2000 4500 0.1 40 4 ncar 12
2000 4500 0.1 40 4 ncar 6
2000 4500 0.15 50 4 ncar 12
2000 4500 0.15 50 4 ncar 6
2000 4500 0.2 50 4 ncar 12
2000 4500 0.2 50 4 ncar 6
2000 4500 0.2 60 4 ncar 12
2000 4500 0.2 60 4 ncar 6
2000 4500 0.25 60 4 ncar 12
2000 4500 0.25 60 4 ncar 6
3000 3000 0.09 40 4 ncar 18
3000 3000 0.09 40 4 ncar 9
3000 3000 0.095 40 4 ncar 18
3000 3000 0.095 40 4 ncar 9
3000 3000 0.1 40 4 ncar 18
3000 3000 0.1 40 4 ncar 9
3000 4500 0.09 40 4 ncar 18
3000 4500 0.09 40 4 ncar 9
3000 4500 0.095 40 4 ncar 18
3000 4500 0.095 40 4 ncar 9
3000 4500 0.1 40 4 ncar 18
3000 4500 0.1 40 4 ncar 9
3000 4500 0.1 50 4 ncar 18
3000 4500 0.1 50 4 ncar 9
3000 4500 0.15 60 4 ncar 18
3000 4500 0.15 60 4 ncar 9
3000 4500 0.35 60 4 ncar 18
3000 4500 0.35 60 4 ncar 9
3000 4500 0.4 40 4 ncar 18
3000 4500 0.4 40 4 ncar 9
3000 4500 0.4 50 4 ncar 18
3000 4500 0.4 50 4 ncar 9
3000 4500 0.4 60 4 ncar 18
3000 4500 0.4 60 4 ncar 9
